3 296 63 204
3 281 50 89
3 161 219 55
3 256 151 6
3 206 279 7
3 228 71 270
3 95 165 8
3 209 69 17
3 13 253 138
3 290 269 81
3 127 16 115
3 201 205 280
3 196 141 46
3 59 155 19
3 75 287 255
3 224 114 83
3 170 20 51
3 0 225 267
3 35 176 22
3 242 194 23
3 123 173 24
3 152 247 26
3 121 117 190
3 266 240 32
3 14 25 100
3 68 47 33
3 140 2 34
3 113 29 254
3 149 130 36
3 156 239 298
3 265 145 38
3 177 292 40
3 27 235 264
3 214 197 42
3 101 49 41
3 61 160 76
3 250 183 54
3 233 178 56
3 252 37 57
3 288 262 64
3 98 223 65
3 272 84 72
3 273 229 73
3 67 231 74
3 105 289 87
3 12 153 88
3 294 137 236
3 82 237 147
3 43 97 99
3 107 96 109
3 146 291 102
3 136 182 110
3 215 186 116
3 154 135 118
3 132 1 122
3 148 31 128
3 106 120 129
3 180 261 241
3 21 142 134
3 119 124 144
3 30 251 150
3 260 131 199
3 259 91 295
3 283 143 157
3 104 257 158
3 112 66 159
3 58 195 164
3 216 226 172
3 62 28 217
3 111 90 166
3 39 86 191
3 244 11 167
3 248 238 168
3 85 162 203
3 192 77 171
3 3 93 179
3 60 79 245
3 133 185 184
3 208 175 187
3 15 285 282
3 139 52 188
3 278 274 198
3 207 48 200
3 78 297 210
3 218 181 212
3 70 211 220
3 293 169 221
3 103 163 222
3 108 277 258
3 227 125 230
3 80 18 232
3 174 202 268
3 126 9 234
3 213 45 246
3 92 53 249
3 94 4 263
3 243 10 275
3 189 5 276
3 193 44 286
3 284 271 299
