29 4032 7533 7106 1229 7563 7324 9884 9368 8571 4681 8714 4281 1904 2413 8409 1965 969 8836 1815 4254 9136 9631 5856 8508 4826 1202 8760 1987 6966
29 466 8098 8874 2912 3535 8888 3318 5685 8947 5665 458 9803 9892 7773 9333 4413 7684 4062 6648 1775 229 19 4676 5410 8535 2752 2880 4129 6028
29 516 1589 8463 6696 4036 2879 8796 9071 5813 8468 6450 8861 9581 9846 6738 8421 3304 236 7862 8567 2631 4954 3247 6775 3492 9600 8967 6268 2400
29 2634 1032 5974 2965 4904 2526 211 8726 2656 2929 6198 465 5846 4507 1243 8625 3832 4288 4596 698 4101 4708 3596 2423 7551 7748 2937 4857 785
29 5956 1356 642 8733 8486 1760 6324 7240 9972 6832 2481 5161 9728 362 166 4894 1537 4341 8186 1185 7241 4286 6892 4369 9709 399 3398 4905 3185
29 9307 1675 9441 3553 6838 6139 3011 6645 5636 9073 3824 273 3684 7267 4913 2610 5182 8371 3889 2753 696 6376 8538 3273 8394 5711 479 6692 8490
29 3171 3749 4475 5500 2323 708 9689 776 5141 6582 5867 9080 103 7112 8001 8821 5246 7339 8541 1320 1828 4201 7092 2376 1331 3121 4198 3719 6654
29 2953 3386 8228 854 2216 5418 6998 1540 1342 9890 2148 4620 4245 6375 1923 5958 3225 9008 436 2772 9524 5923 9851 7523 4853 1096 3166 5579 5580
29 6215 1409 9422 3404 6041 3276 4558 3773 9774 7358 5349 257 9313 371 1956 4665 3211 2769 416 8366 7184 9221 7710 3103 4060 4072 1588 5992 22
29 1215 5955 5002 8007 2834 5694 1141 3193 8781 1280 6968 8046 1109 7482 5587 8369 2803 7784 196 4469 3879 6035 3577 809 4384 2533 237 7395 6113
29 9389 7718 5375 4002 1405 4025 5165 7382 3606 6786 7950 2858 5162 1169 8321 817 5991 7010 8958 3913 4911 4559 1655 6876 9614 2176 1158 4869 8385
29 1073 9669 4433 9675 7556 7676 1308 7752 9622 8732 540 2461 5284 2647 7366 1177 2654 8949 1936 6235 5004 1299 571 8272 3809 3079 6728 8319 3285
29 281 5762 3080 8785 8624 8840 5719 697 4650 8466 647 4679 8006 798 6571 4180 1547 2552 5003 3552 8867 2163 8109 9257 144 5773 5768 4865 6602
29 8982 1726 912 4219 4365 3199 4849 8225 7948 5561 3457 3959 3129 5005 5917 9641 572 7483 1304 869 4901 4595 2922 5140 3798 6049 9129 4040 7038
29 5629 7601 1048 5363 1694 552 3206 574 8071 3170 27 598 6184 3337 8679 9829 7288 5498 9634 6928 5877 6627 2179 7197 212 3549 6995 5681 4232
29 3358 720 3816 1111 2813 2599 8160 3575 3213 6214 8341 6764 7852 5494 2277 4284 8826 5806 9390 6871 1489 5647 6413 4744 5475 4478 925 1476 3679
29 4243 2167 5957 7249 8308 5787 5330 993 99 2755 676 9248 8658 5435 515 5809 5876 860 1183 2359 3542 1416 562 9213 8915 7742 4477 2322 5474
29 1724 9351 1290 381 4083 5722 2006 660 6348 5616 5911 8430 7494 2788 5208 8522 2867 6664 4530 6261 251 6067 5170 6001 9648 2042 6427 3266 1958
29 2135 9340 6873 5623 9269 8124 2527 6842 8041 1534 2921 1430 1883 4714 2240 7878 1455 8021 5425 7080 223 7325 1300 2529 4949 3446 804 3338 1782
29 5964 8593 8135 4600 5605 383 5438 9901 1659 6267 8859 5487 4634 4723 7402 5274 4084 7678 580 2674 8505 9807 6878 2595 3382 6050 7791 8516 1738
29 167 3458 7412 4388 4762 461 3690 7309 369 8503 5893 6986 8520 7265 355 3350 6188 1533 7489 7930 8315 2517 8606 1033 4971 5890 1076 3717 1295
29 6190 2012 586 883 6617 8528 4348 9085 8904 2141 7596 4145 5297 5820 1445 7449 6814 6591 8687 8986 1654 5589 5535 9852 5062 6859 3223 1480 4719
29 224 1669 4831 2077 8961 5862 5232 8500 7647 7155 9940 4080 2556 1347 2125 6979 367 9061 6195 5013 3520 1267 4916 1410 2615 4522 3264 4991 4824
29 1743 188 623 4722 865 4482 818 9601 2335 6106 771 5905 4610 9947 6247 1258 6344 2508 7000 3479 3847 1477 1857 3341 3956 7034 9783 927 1080
29 987 8028 8050 9798 7716 7019 388 9506 3219 8277 8666 5130 1439 7345 1618 6952 687 3471 7810 3356 5036 4503 4217 3104 7944 8646 6062 2464 751
29 4780 8030 3568 3474 1686 8275 5861 5492 5972 3745 6365 8631 6853 2330 1302 6216 5659 3151 7502 2890 5154 1471 5018 6158 3033 5260 8309 7335 7389
29 3578 2101 1051 7109 4022 2442 1143 2487 6545 4270 9843 1156 2578 4233 4671 4589 749 1034 6457 3214 2348 2914 379 3945 628 4169 7088 5320 8158
29 2742 892 4573 9561 8103 3876 6266 1414 8205 6057 3932 2055 1306 3017 9179 694 9817 5503 198 7215 69 1319 7291 2173 1434 4728 5431 2539 3116
29 6284 2341 64 2925 2161 9548 5387 3422 400 4237 2785 4732 6794 9437 2109 3936 6920 5214 1937 9157 9007 8448 8661 9385 5252 9306 6546 9883 7880
29 347 6865 9556 1396 7867 4351 1845 6784 6252 6879 5459 723 1727 7881 9571 1200 3633 1426 8211 533 1800 9415 8623 2566 7778 9209 7360 4162 8561
29 477 9072 6157 3761 1747 9830 7849 7301 8264 7436 5204 302 4688 1465 51 5667 6767 3444 480 2059 1123 7102 6102 9717 8070 8554 826 2271 9120
29 2893 3363 7473 4282 3187 6756 9877 2211 2786 1006 8727 1938 2809 1947 2946 3607 1440 7061 2090 6129 8927 523 324 8940 86 5447 5376 8668 1012
29 9025 9225 7800 3593 3201 4678 1736 9358 7788 4182 5426 8707 9472 1417 989 8116 6749 5251 6406 6437 3407 9345 1696 2825 5109 5983 6643 2328 613
29 5304 4852 1527 8068 9222 3624 315 1503 4143 6683 3231 569 6076 6327 9418 6537 9453 7057 9907 4964 2608 7799 3305 472 3058 403 5581 2718 9292
29 9545 5515 7553 7706 4097 2936 9328 61 994 3601 643 8390 1909 3836 9479 3013 999 2660 4147 8305 1663 9978 3880 7139 4161 534 1627 6941 2457
29 3508 9038 3107 2313 5390 4301 5079 7665 986 8965 6277 1583 528 8456 4256 9844 5951 3735 8008 2431 7815 9093 9647 7152 8997 2471 727 6115 9576
29 7804 9280 8933 3544 4358 8876 3310 6238 2766 8793 2692 3127 5172 7097 9357 446 8360 6885 777 3321 6294 7256 1889 113 7428 1288 3217 5493 7338
29 6071 9597 9550 6603 1717 1125 5451 9572 7740 519 2667 9491 3352 8891 4473 5107 7273 3965 65 6189 1259 9303 8716 4092 2800 3531 952 2485 6065
29 1126 3962 5774 4937 8632 2139 9974 6981 5073 3074 2671 2995 9838 5654 2098 9156 4448 9643 8827 7661 6632 7480 7813 7031 8552 3091 360 8361 3035
29 7956 2034 2234 2883 1756 5533 581 3788 1340 7200 7897 8527 6797 8274 8377 6345 23 961 4272 8737 1099 7939 9003 1093 7055 8540 7841 7126 9554
29 1357 3394 4541 2592 9323 4546 5674 7125 6414 1735 1329 4225 2982 2896 6038 3839 5423 4550 6150 4238 2286 5572 5524 5308 6013 5409 8630 6276 3888
29 6280 9180 4021 6143 4077 2553 468 6483 5241 2970 4784 3925 1324 4781 2799 187 5272 1155 8875 5661 9731 1275 4531 8537 4655 2694 2496 2123 7423
29 6492 535 6183 1808 2480 7443 8798 545 6323 412 3712 2798 2842 5007 2952 5012 1872 9780 1378 7077 510 1772 2944 5287 5733 7453 6030 3586 9527
29 9488 3427 8729 3674 9466 1651 835 941 2689 7766 8380 49 890 4771 1176 2331 2111 9360 9284 6149 880 1205 2060 4854 4357 8512 7496 9249 124
29 4776 9871 6586 3721 13 5148 958 2479 8811 5804 8952 6845 9999 6196 133 9923 3359 8954 3524 9139 985 1486 3239 4450 8572 9443 363 8993 8914
29 5280 830 3530 3369 3165 405 4602 4307 4414 5741 186 9366 8089 3282 7792 1550 8784 2554 9913 8725 9264 3650 2582 8663 1009 2126 2777 8454 2334
29 8273 5196 6677 5811 2586 9017 4914 9245 1704 5190 5968 3737 5072 1225 9938 6781 4654 4859 5050 2340 7858 8899 3022 1367 9677 8253 6179 2744 5590
29 6727 4533 7278 5180 6513 3335 5463 8474 2948 631 3571 6137 4028 7111 3075 8603 8721 8524 9407 6419 8091 2254 5129 9836 7518 8226 9465 4006 2536
29 5827 7727 1779 5262 4410 963 6466 7623 6875 6856 249 3713 2888 1253 2433 5730 3691 7067 7354 9733 7884 6967 3795 755 2368 8644 9343 8355 1795
29 9715 8462 1668 2638 1522 8381 1981 6750 1397 2725 2469 6839 3302 8172 2460 1309 2326 275 5539 9960 6116 8648 386 1774 2640 9820 3220 4422 7460
29 6055 5285 6552 7964 4544 6487 4175 2187 6396 8526 791 644 7141 1084 8350 9810 5899 6403 2443 3617 9508 2732 8291 9474 5841 8588 2894 3392 1148
29 813 653 2033 4289 1677 5016 9988 3991 2889 7935 5488 2729 1442 5052 5962 7602 4773 3645 7871 8998 6176 2865 625 3867 55 815 4260 2027 2892
29 5028 4822 2872 7196 2510 648 3790 2569 2223 492 1058 1557 7628 691 3038 5362 1631 136 9777 8815 1913 437 6033 530 5850 5751 8960 2083 976
29 9813 4499 5026 9605 327 1238 6529 8501 5565 8838 2960 9595 2659 9534 7104 806 7873 8956 9908 5643 417 9027 8582 7624 575 9220 1110 1989 2369
29 5477 3114 706 6175 43 5708 3626 7498 8877 7620 4979 748 90 5261 8807 7824 8886 7188 1002 5626 9816 8987 4847 7996 3934 4648 16 4906 2735
29 921 1625 2209 3815 8546 3153 3424 4242 9064 511 6488 3909 8249 2793 582 7520 747 3820 3160 7679 9421 3041 7902 9773 1305 9023 3250 6404 6003
29 4694 6974 7381 551 7508 8078 7280 9261 8609 1697 5329 831 1027 7023 6908 3379 3850 5847 5950 116 1890 7145 8453 7889 1690 5413 4717 4910 9804
29 6509 495 7143 8427 6503 1478 9404 5891 1230 5245 8786 9646 7296 2575 5417 4548 2321 5805 59 5872 8383 9091 8048 2095 2730 4563 3908 7082 7370
29 7780 8778 4402 2702 1831 4795 8782 3709 738 6104 3838 1834 5338 2275 2448 7537 6410 5738 6743 6156 4736 3349 4668 21 9238 3599 7219 3523 8863
29 5705 3587 9395 8150 8398 1327 2395 1968 3320 9503 4680 8404 3405 1836 3230 6056 1333 7137 8401 2898 3561 9281 3311 4986 5752 2082 6969 2727 5836
29 1366 4039 555 8978 9046 4881 7003 7908 1179 8894 4278 3742 5282 5382 3275 9560 2759 2297 4158 7604 8981 1536 7408 6861 1688 2302 9401 5552 7831
29 9236 4485 8544 3242 7724 4240 9335 4343 3378 7243 7573 4900 7688 8620 2085 4306 4666 3796 2644 4447 2157 6722 3947 5758 940 5664 9678 7016 3558
29 6304 9958 3767 1297 8602 9758 3226 8795 2115 2891 6915 9208 8653 7357 9094 9336 75 6651 8579 2626 1721 3677 1358 5407 375 2365 6949 4674 8268
29 6975 2984 7649 9299 6987 7605 9704 1142 2930 3933 7739 4924 7311 5927 3463 8504 241 5907 513 6929 3498 9240 3207 2670 6095 5690 8985 6309 6748
29 6754 2778 560 2767 9575 7467 7234 266 954 7362 1194 3279 6489 3176 4043 9205 5495 6092 9458 9327 7898 2044 7921 9931 1567 7714 93 3841 3944
29 8143 6577 4155 2450 5394 3215 1781 7589 6044 9705 7762 3259 3853 1053 8465 8849 5883 2822 1134 6097 3086 4046 4005 5086 8033 297 7833 9436 9059
29 1624 6312 4418 6012 1615 3182 2066 4566 8980 118 8113 589 3402 7919 6093 5938 926 6760 9747 182 7390 6834 1346 932 6766 1785 7052 8055 2699
29 2245 9510 3327 9 1154 3600 9515 6957 3548 8788 9694 2428 6678 4367 8137 2155 2715 8024 1565 8968 6501 9922 1871 5593 5460 6253 7493 1842 2720
29 5298 2885 577 6619 683 6596 5849 5909 8062 3372 5790 7761 5324 5880 9756 2361 7653 2693 1531 8399 9021 5446 5239 6704 4492 2261 871 9710 6813
29 98 2182 1262 7721 3216 3858 2130 6680 5748 5462 3662 808 3445 5980 3005 1603 6385 8165 9994 314 4951 221 5400 9005 9956 1246 1670 593 4441
29 9233 1138 5275 3417 553 7308 8416 1918 5029 6147 4444 2037 1121 1817 7158 2812 9945 8787 2963 6599 667 2797 2181 6897 6384 3588 2602 331 5522
29 3032 3883 5428 7673 9177 9489 669 2516 5347 4884 7962 500 462 7025 5193 2247 981 7209 8300 3083 6809 4880 4303 9750 2651 2585 7474 2815 4024
29 4029 606 9191 7887 733 2177 3169 5257 7511 6341 1601 4336 2483 7026 1801 325 430 6773 7900 9148 3569 3975 163 6162 1840 2541 3917 1757 348
29 9026 5058 6469 7237 138 5516 2300 6453 8905 4834 8711 8664 1014 8298 35 3632 3613 429 745 8313 6593 1673 4922 9239 3292 5056 3642 1451 5472
29 7364 5259 1684 930 8148 6679 156 2128 7972 3059 8220 953 5828 982 9670 1343 28 1649 9725 215 5000 4918 7722 8022 709 1385 1199 6779 1070
29 5651 7645 8003 719 7182 5648 498 7117 2217 9530 6273 9579 3488 4427 9782 663 151 9226 3881 9473 5229 1499 8190 6641 3638 6795 8585 2386 9863
29 8809 1293 1767 3503 4259 9918 5088 6400 684 9467 7312 3808 764 6010 1881 7569 1825 9732 1863 8241 5734 4190 7951 7922 6124 3112 101 5859 5224
29 4940 7115 8266 6331 8317 2518 8188 5337 5779 6902 8547 657 7451 7321 4975 3031 1667 1773 5699 4878 3764 7832 2950 1862 7913 2367 2993 1635 4506
29 7163 9790 5631 4805 9266 6610 8634 7462 351 1582 7072 1395 3574 4316 7420 670 7510 3072 8472 8397 1906 6227 6622 5557 4703 5128 2397 6446 2906
29 7694 4071 9142 700 3423 7998 1552 7007 3102 7269 1999 6000 9405 760 1853 3541 6777 3251 7108 2886 5082 3602 7853 5766 9103 5146 6407 4562 5663
29 851 2551 4035 4763 4653 2170 2837 4428 2436 5505 8146 5127 8509 7581 413 191 767 8120 7281 1548 846 3495 2762 742 508 6523 3921 7587 5103
29 4064 9841 1216 4140 3313 8903 4677 6213 1239 9268 3844 4797 7700 9349 8123 9137 5164 5231 1644 1423 2722 520 1771 9746 9821 2196 4972 1564 3995
29 7368 4437 390 6349 7208 4538 4087 6647 5944 2700 5844 4493 8151 7811 3513 2613 1350 3297 4741 1149 7282 4836 4946 7744 1444 2219 2145 6209 4839
29 6224 8175 566 1946 3931 2990 5583 77 7896 2316 3065 7224 1508 3647 4325 2192 5300 1101 4290 5168 7828 5678 590 2709 5295 8723 7386 1790 3731
29 8983 584 1104 9525 6388 6636 4819 4404 2978 3096 3390 5097 5392 583 5469 7892 6914 5603 9165 973 2053 8686 3564 1512 4619 3966 2231 5253 7264
29 853 1983 5270 420 2265 5038 1023 460 2957 9032 268 964 5490 909 4274 814 2030 4335 8223 470 2360 6107 651 6532 4011 612 966 8060 5188
29 4446 1029 2133 9779 1011 4089 6982 7903 9954 9776 8464 8649 3641 5650 4153 2393 931 4479 7457 9263 4324 3439 2877 4184 6919 3999 7627 8105 6745
29 7190 2771 7361 8670 7332 9493 5930 6254 1427 6245 4292 7705 1222 3066 2387 161 2782 7670 2852 944 18 4898 9872 8114 3978 4108 478 1921 377
29 1566 3453 9371 68 8618 7230 8482 4623 2282 7928 5747 7612 5547 787 2344 7047 8525 1368 3159 318 2102 6082 2214 4825 7486 6326 467 9842 5939
29 5816 6378 1886 9963 1133 4264 7028 6192 3891 2120 9450 6233 2253 3826 5248 4952 5599 270 5100 6392 9002 3191 6480 1907 3195 6016 5935 2338 7893
29 3237 1570 7621 1905 2499 9520 2019 1563 5860 8423 1916 9363 1251 2298 722 254 5842 1716 5456 4662 8931 6655 7210 4484 5120 9657 1650 6821 9957
29 5216 2290 2679 8084 450 120 8542 3397 3505 3200 4862 6011 7212 62 6668 1543 9194 2707 2988 5700 9277 9720 3852 7787 9685 1004 3986 3497 9933
29 8489 1081 3437 8215 9062 4960 2309 3373 8745 7119 7525 2315 1812 2287 6320 2542 7394 3143 1100 5771 3984 762 4314 2463 8564 7383 4652 7803 8492
29 288 7100 9716 7432 6177 2609 666 9697 6912 5753 517 8804 447 2154 7629 9364 4841 3389 3455 4236 6924 7926 3589 3862 7547 6220 36 303 5227
29 5536 2795 3711 8096 726 5604 5965 1064 4635 6074 5920 3180 3261 6540 3009 1851 8773 7699 9949 645 8235 3381 3449 9896 7254 4829 9671 5755 6319
29 1875 565 5908 130 2721 7388 7682 3062 4063 7313 3124 8692 8776 6207 6347 1719 6039 690 1806 850 3849 9624 6860 2193 2559 8325 9252 980 8177
29 8680 959 1360 320 9795 7419 8833 6291 4938 5982 5857 1953 7147 9067 544 3136 7994 9781 4073 903 142 9126 4345 3779 8069 3385 6592 6451 2819
29 6598 757 1616 8184 1376 203 8428 7591 866 1830 3189 5176 4961 4612 26 7334 2521 8230 8408 9290 9865 8149 3776 2218 1823 9936 7907 4939 2447
29 4297 7479 9992 9582 4639 5641 6818 661 4731 2724 5796 8073 3781 6538 1515 4154 7535 2180 5607 2627 8304 3697 3212 1330 9987 6497 8242 7579 7733
29 5468 6583 9721 1636 2562 4375 6040 8133 5192 3560 2062 5027 3582 7540 7801 3797 9494 6566 9593 7708 8333 1807 9359 404 7002 8869 3119 5502 3622
29 7945 4285 7850 6904 539 9909 7217 4919 1908 7167 5219 1768 9053 380 5691 3656 9408 1272 9765 2377 5677 4838 2999 5840 7536 3025 8479 5937 4725
29 283 4419 8865 6990 1003 8497 8633 9566 8605 5506 2544 8204 2705 7756 2089 8608 9635 3152 6724 611 5236 5922 4554 7305 1335 8545 6232 4464 3301
29 39 2002 1063 9409 7869 9736 8173 2407 8580 8265 2113 2547 9719 2869 2009 1926 9786 2864 3706 3366 2311 8092 5381 7961 8655 3286 7798 5946 1935
29 1285 4189 7570 9644 5195 8890 2801 8703 9650 4355 3672 9916 5963 6026 7093 9145 4617 2296 834 4321 4381 1094 3926 7515 494 8400 1461 5848 9499
29 7560 5364 4386 2202 9037 721 7490 7359 3861 1266 95 3845 7378 960 7971 652 9742 3380 7244 9738 1837 4333 9160 6357 6372 2550 9182 4592 1452
29 8339 2783 3794 9153 6808 3233 2429 2320 3800 5875 8852 216 1653 929 7220 9502 7516 3918 2052 4322 3977 5059 2558 3020 1464 3680 507 4575 6883
29 5171 9610 3563 5808 984 3421 7173 7060 3869 1468 4827 8054 3255 6439 1432 2486 4177 3262 2994 4151 157 898 344 5480 2100 8213 1336 6100 6239
29 4976 2191 4608 7164 5345 4929 3829 9392 8831 8254 9712 843 4397 1256 6351 3316 6823 265 5652 8496 6867 4244 5316 5584 5509 3454 8278 2462 784
29 8101 5776 29 7035 8066 594 6670 4605 5145 7575 1623 3044 6687 1404 5439 1092 6061 308 305 5537 4500 4163 1866 9256 2345 935 6894 5543 8587
29 3090 1996 9195 2188 126 6568 9406 5411 398 1406 3429 1236 8112 4672 9564 8860 8206 38 8893 2076 6959 3466 4424 1401 7043 482 6172 71 1995
29 8825 2080 1610 1971 8417 6310 1407 505 5398 244 8640 8543 2000 7817 3802 8433 1001 2466 2784 7578 5187 5008 3661 7123 9132 9632 1265 1632 4491
29 5360 5479 4696 6249 2388 3516 3851 3968 6744 6024 5393 3448 2412 7695 518 3071 9618 4512 9911 5570 4811 3665 992 2336 9997 3054 7696 5160 8144
29 8763 9701 6083 4621 4109 6787 1960 9128 8563 7223 4054 8289 7856 7664 1510 9452 1639 3014 185 5900 326 6946 7826 3435 6069 6533 828 8107 8814
29 7064 7069 2437 2757 9707 4775 3740 6167 7521 6152 4767 4864 3154 8442 2605 2007 1637 3048 3785 9140 4 7781 2748 209 2248 1286 2229 4156 5669
29 4815 2015 175 1166 9874 1611 9687 9052 2281 6898 9565 6222 8263 5388 2506 937 8911 9325 9155 140 7586 3536 4271 688 3077 1602 7985 9778 4933
29 8976 7221 4383 3410 8267 4777 2623 6938 889 9668 1323 2519 5389 9030 4537 132 3652 2616 2171 7135 7304 5339 9621 8396 7936 8131 1192 3957 183
29 9018 2129 4921 4778 6103 6516 1606 5602 2574 7159 4963 7258 115 2440 1592 8858 9981 897 6287 2601 2405 1891 1103 4425 1839 3726 263 5293 906
29 3668 9098 6921 1525 5612 5340 7555 595 888 9951 1755 3243 1671 919 4123 1841 4683 6923 7818 1568 5414 9858 2686 8031 2637 7464 2274 2374 9119
29 207 2672 7314 6943 4051 4079 110 8918 7297 4049 8862 4472 4796 179 7089 4816 8142 5471 2324 9481 8335 9315 6236 7541 8270 8897 4661 3757 3324
29 3155 85 5350 5997 547 768 3685 3562 9115 5093 177 3718 9455 4150 1920 3283 1213 3896 4044 9009 2356 3900 3265 6862 4008 5504 5094 4576 8320
29 6932 2292 4222 2484 8948 9819 836 4959 761 2255 7374 9840 7260 1193 2563 9827 9662 1928 795 8058 2152 4033 7252 5279 6118 448 6843 5858 267
29 7774 155 7004 6690 2307 9411 8720 4664 7322 7263 6847 6401 6160 3023 1792 3629 6720 9980 531 1925 2124 5335 7129 4406 112 922 3543 4893 3950
29 9184 4134 2977 3487 1977 5403 5855 443 3205 1711 9998 9416 4868 4802 4843 3502 340 3489 8850 1381 1118 703 4751 1379 902 3501 4396 9296 6470
29 5379 7257 5759 2212 4523 3055 3981 8878 4293 1679 7839 8302 9660 409 8936 739 9850 8035 5597 3467 1022 6399 8210 8412 9174 3314 2770 3360 6217
29 5453 6512 4426 4758 2420 6646 1901 5256 2375 6389 5332 9111 5575 319 7894 9639 9679 4197 9547 8853 5416 6723 7979 4409 5427 6005 1931 5473 1664
29 5294 7967 5328 1530 1326 1587 6666 3049 6473 609 8660 2434 5996 2537 2384 7656 264 4649 6770 3046 6112 5886 9611 9897 6242 4294 4915 9676 6111
29 2401 3138 9133 8191 9864 9578 1712 3491 226 9537 7191 4684 2632 8307 4798 2394 4366 357 5070 9495 159 7978 339 2146 1561 3257 9087 9298 9966
29 7393 3930 4050 8269 8222 1387 3343 4438 9433 6708 6250 1776 9048 1604 4656 5551 3057 372 7507 9743 7448 695 6805 4257 9447 2213 2250 6988 8076
29 1454 4943 8551 6615 3451 7422 6271 8595 3464 6321 4458 2305 8946 3418 2169 5212 5485 1234 5943 5175 4697 5763 840 9398 8475 7187 3113 7590 4743
29 4845 9188 8810 4268 497 8364 8328 1122 7285 6263 588 8276 756 8772 2312 5538 5729 3210 2565 957 9809 7561 8094 7638 3244 9924 2117 6332 5977
29 4075 8900 7151 8820 7376 4334 7865 8909 2717 3295 9419 911 3097 5919 6729 8236 542 8957 3030 662 8521 3554 5020 6886 6485 3082 4280 8090 1273
29 6525 5452 5987 934 5559 4430 1585 2546 2933 284 5723 2018 8536 1822 2 8843 1150 7809 1382 7925 3538 8047 5563 4093 5095 7846 3834 1090 4171
29 3579 1042 9835 6631 8761 287 6556 8077 1074 8141 8617 3468 5878 4830 2054 2503 5311 137 8052 3174 8616 7544 6866 8324 6672 8671 2794 1638 6034
29 772 8285 2897 9051 7909 1640 9237 6980 9791 53 2224 4569 5361 6644 9818 5071 8365 3842 7116 8499 8004 5126 1467 4148 3729 9203 3476 6605 679
29 3980 9860 9161 5191 1339 310 9680 8217 483 8426 1793 5545 2854 1745 4449 6170 991 4364 9917 4296 7183 2138 8650 3063 5725 7990 7707 1097 4373
29 1436 164 7576 6864 7538 4516 260 5276 3268 8757 2391 7130 9144 573 1944 7226 5183 2043 7466 9752 5290 8354 1008 4209 5933 2452 8705 5269 3248
29 5696 8887 2382 3173 2991 15 7040 9169 5385 5913 8700 5202 5046 8994 5006 7767 7020 4877 1492 6335 1091 5645 8183 2606 6219 6973 7377 2779 3938
29 3348 5250 654 3783 4344 6702 2498 3777 2938 7651 9078 7404 5993 8445 509 5673 1657 1590 8950 1791 365 1524 3646 778 5011 655 7283 1617 2061
29 9543 3060 2810 3946 442 6037 672 11 2645 9295 5240 4081 2226 7446 8387 7606 5769 9928 6547 4513 8771 2402 1929 5853 6656 5197 9410 1232 7859
29 2198 796 8312 7559 3470 117 3095 7107 8299 5795 9714 2488 8803 6295 6778 6359 6474 9763 5981 9739 2432 6484 6746 5380 9097 5377 605 3885 4330
29 9214 2426 5799 4185 1723 9369 8881 4740 2038 2761 6364 4356 1693 6660 7206 25 6042 5898 4310 3667 6889 616 8657 9899 5501 7614 6282 1168 9496
29 4572 17 9402 8594 9079 8391 9749 7814 9247 4828 5931 3406 8999 4675 8975 8673 2962 9468 844 1976 471 1311 168 9477 4368 8079 3623 705 3872
29 6555 7701 2068 9645 5233 3197 3400 2851 7195 5478 5519 7635 4122 1000 5077 4370 1754 2589 1855 2598 2194 4514 394 6763 3982 5525 7771 3803 1932
29 9434 9796 3029 5054 570 7834 5336 1196 2354 6544 1783 9789 2310 770 5894 8129 8139 8189 7789 8037 4247 4038 2221 8920 7202 7874 9538 6243 9197
29 1718 7211 512 8614 3608 6765 3092 8010 7983 1254 541 5432 1559 1038 7895 585 9131 5306 2904 3875 8477 4070 6716 9690 9691 4138 3100 5885 769
29 6053 148 3078 5594 7731 3351 6290 7875 9192 7410 2621 4967 5299 1431 7917 5822 2251 5009 9427 2285 8667 9734 7904 7703 4086 2859 4291 7101 2620
29 5201 247 9412 3000 9049 1102 4480 878 9108 7426 8783 4932 9446 8959 289 918 9982 7478 4468 7906 3061 3519 8818 1949 3972 3770 6740 3659 1037
29 9029 9519 4564 8555 8812 8908 4470 2403 2827 2690 9278 1910 7545 4995 5075 3307 2063 1546 6561 7470 6514 6269 4362 9012 6930 2112 6463 6397 3748
29 5178 9251 7963 9900 1974 1056 3924 4713 9834 2203 5517 8889 4202 9367 9400 2664 5852 3915 2816 1145 8775 6440 4755 5123 6182 5553 9253 5831 3941
29 1809 5560 5649 2641 2289 9937 626 1474 2243 253 6221 1337 294 3940 4376 9902 6900 6624 1966 3047 1260 1732 9636 8452 4571 8935 2215 6726 6475
29 5513 3590 8600 5825 5420 5179 2511 699 5928 7425 1586 4251 4346 2319 6597 7558 6753 5441 4875 2162 6322 2350 9291 1634 6262 2422 431 1998 8926
29 6387 2945 4030 5467 8395 8491 6433 9435 3084 9983 7607 4042 1945 802 3425 6543 7417 8774 7266 2225 5237 9544 8739 7929 197 8502 2056 2476 1400
29 3906 3592 3089 5586 5291 7138 2105 8174 3762 7294 5782 6536 7213 7689 7599 5230 1658 3614 3907 2451 7646 5258 5153 4977 234 6500 9876 1466 7857
29 5034 6633 3935 4622 9331 8688 169 4192 474 504 1558 6528 7172 1021 4279 4636 7989 8514 5344 8296 4687 88 3654 5744 1506 5718 6422 7411 2092
29 1788 5019 9255 5666 2774 9388 9706 4757 7128 5174 9204 3164 2741 3177 7346 1614 2026 1660 4295 7619 8851 2635 6134 84 4945 1457 6165 6936 7952
29 6186 1940 1028 6231 4141 5370 2252 4746 4974 9386 2404 6096 5371 292 1899 4930 8642 4990 3894 2249 5954 786 3526 7960 3616 3426 2695 3465 838
29 1628 2662 5760 2235 9562 856 8937 2011 6682 2238 1390 3354 63 219 608 4372 9623 8659 3555 8435 8694 870 2749 8473 6255 6408 4700 3111 6161
29 3045 8507 6371 6907 7430 4742 4318 9011 5049 5063 4249 4844 1798 638 3525 80 5929 3391 896 1943 4750 9920 1483 496 3024 6412 6686 9995 5564
29 2992 6020 4013 8534 9724 4408 6173 1992 743 9849 9231 5973 7779 8000 4212 990 5157 4787 4729 3929 7415 2046 6608 9664 9925 3997 2532 2306 1819
29 1019 9696 2276 5014 3758 4393 3897 2505 2014 8639 3864 3140 6447 5135 9444 9594 9202 6588 5520 4720 4931 4855 4149 5318 7136 6985 5845 6895 2918
29 1749 6080 67 2022 1676 639 5354 6306 1161 5775 9589 5470 8964 9147 975 634 2454 7319 7974 6822 4646 1184 3961 2032 6047 2745 9535 5210 2114
29 9891 5116 1778 9977 2584 7793 3500 3277 335 2067 6717 9173 6448 3021 1504 7842 1175 3511 5786 9563 2996 7248 4645 3992 8857 1997 1313 9430 2258
29 2190 3919 1408 9028 5803 6793 170 7861 6663 6761 3581 4710 1687 8925 6947 9692 3676 847 6601 783 9577 536 1970 2698 8806 8023 7344 8111 4378
29 9964 8684 6526 3821 3993 111 6870 6965 9939 9745 8329 819 4801 2352 8970 8759 766 3877 527 1017 6370 5437 8641 2399 7933 1600 5523 4379 8656
29 9267 8245 3791 522 955 5817 2680 9356 9471 4416 9628 1284 7355 6043 5010 5832 1678 4096 8125 5712 4273 9867 9449 6940 1172 9154 3618 1744 646
29 238 5737 4037 8402 2900 282 9361 3515 8834 307 4377 9887 9384 4601 6962 7434 6884 3547 9912 1739 7452 8372 685 7261 8118 7181 2272 7472 1355
29 3115 9348 1010 3252 2814 5573 7885 9769 1252 8990 4220 3953 2380 1964 2081 9031 8262 2477 9211 3720 1642 8238 3122 3133 3904 8808 5457 1208 3634
29 1596 4907 5998 933 1322 9339 7593 4944 8102 3765 3043 9159 5436 6316 2073 3456 8240 7763 6128 1086 262 8756 9968 1463 9754 5541 4870 6456 1052
29 4529 7976 1942 6490 4570 6639 3186 8695 8357 4970 4186 9952 9604 3209 9224 3899 230 2205 4603 2713 2104 3312 9442 3648 7844 900 2230 4567 4460
29 6751 423 1281 8332 9861 2850 5449 6713 7471 2665 5030 4883 6799 4056 8762 5550 7770 972 532 2317 2332 1190 329 8493 8581 7663 5323 7932 2804
29 6428 5305 2184 4407 4627 5717 1978 258 7554 4389 800 8934 7931 7014 5104 1538 7807 5319 4374 1112 4982 9541 9800 9099 7797 9833 8923 9507 5562
29 8995 5273 3903 3610 2363 5703 7323 8347 2047 6132 9013 3704 6762 441 3459 5326 4385 5988 1952 7242 6804 6587 9019 3611 4246 1279 125 3725 9533
29 8901 4886 4768 1641 9149 5465 4992 6402 5017 6701 3194 4431 8045 632 2458 9797 7271 6826 8470 3830 3291 1294 5022 3085 7015 1612 9665 4120 4850
29 8342 8682 4442 604 7441 8654 1955 1341 306 3705 4455 4166 6913 7732 824 457 3134 2817 6581 702 214 1449 2534 12 9583 3631 1804 4483 7580
29 9347 2147 3088 5628 2687 4695 5754 8596 4121 5039 4085 905 1554 8418 8735 3334 6205 1470 913 1278 5249 7757 1221 7616 6114 1015 2473 6136 8290
29 7776 4463 2691 4069 5627 7103 4504 2465 180 3920 7995 9866 3480 9926 7204 6993 5646 1338 8331 9254 9387 7132 4517 6094 8439 4928 4239 1607 7992
29 8643 3692 6398 3994 7949 617 6534 1758 949 4973 1816 4821 1892 3473 5060 2652 970 8126 7352 4269 8637 7955 3700 2439 8042 6299 5914 9146 3001
29 6699 7042 7168 4423 5194 3278 8518 5688 5824 1085 410 4927 6950 1066 7437 6640 9659 1803 3784 6671 9944 5220 1695 7622 5838 7337 3752 7632 1189
29 4774 2523 7526 3696 5622 8301 2150 5045 1903 6934 2371 6099 8283 8136 9334 789 1962 4510 7113 734 7276 5384 3760 9617 7131 7186 7051 9619 658
29 2931 9948 4721 8921 6435 5777 8219 5657 6785 5902 1392 521 7098 887 4326 8802 272 2351 2806 1257 5969 1108 3431 4165 2750 9034 6212 2134 5303
29 6935 1420 8318 9603 3347 78 7022 7973 602 290 7912 1047 9935 6851 8837 9889 5904 3912 7353 2714 4496 8154 3150 7114 4543 3362 8669 6311 7289
29 7001 1077 9681 3612 637 9845 3998 384 6569 2337 57 2873 5499 8992 5226 3792 8835 2666 6288 6022 6084 206 7084 9970 6629 1459 2703 6820 6461
29 8095 7597 9875 4119 7582 4737 6796 1613 4176 8676 5653 7819 5458 5532 205 674 7499 6366 7506 4890 8271 2284 5348 9759 9910 8647 5263 6368 2639
29 5728 5715 5865 6465 9461 7050 7905 2195 1764 8855 8379 5296 5530 6757 2103 2189 5043 7247 3901 3490 3546 9588 6265 2233 4707 7546 1363 6709 7228
29 650 7830 3766 7942 2927 4266 7654 4265 7687 4760 3056 5511 6293 6650 3846 8675 8086 7988 2775 4519 9445 7505 4590 1264 7911 3605 1569 9456 8898
29 105 7702 4099 2239 7692 2160 529 313 9801 342 3635 7350 6354 995 1796 239 5940 4412 2911 6508 9414 1162 2684 4958 8944 5235 1709 3443 8480
29 1519 5317 9873 3208 4724 3658 8087 5781 558 6119 3007 5051 6852 8907 7099 9522 5600 5518 7524 6772 5277 7594 4331 3702 8871 1769 9529 5483 6241
29 2520 4058 9393 5596 3036 9627 2573 8979 3326 7728 9511 1884 9831 7375 7946 5606 2467 6705 1140 8677 4193 9984 7565 154 1399 3859 2568 5767 1119
29 9642 7250 1797 1577 7153 2677 4117 7528 6052 9979 3069 7923 3902 5408 5031 1219 356 8510 1348 682 3822 2172 3865 285 6711 7991 7837 9294 6125
29 361 1391 5698 1209 8140 152 6515 9753 6032 491 2418 3068 9476 797 7440 4481 3708 3751 5784 5889 6565 9127 1039 8349 1646 9350 9258 109 5567
29 1562 9265 6948 9082 1228 9482 8208 6281 4888 5238 765 8892 1794 6346 3609 1349 4947 4015 4690 7531 7391 9288 9319 1248 9308 2855 5024 6917 7074
29 2099 298 9695 2358 6066 8229 9318 2985 6377 7941 5870 6072 3296 3293 3811 8221 2787 9625 3914 3584 6554 8615 2862 2088 5984 6715 9216 1990 7036
29 6903 4170 439 192 6575 3413 6960 3573 1402 2069 2424 9727 3120 5598 7013 2178 401 9757 1345 2028 4630 9172 7044 2738 8742 6780 5792 2913 5322
29 6303 464 3989 6880 1488 5356 6669 1728 4996 7330 6478 6313 8002 9125 5331 9722 4511 2951 2057 4471 385 4139 1481 4107 2593 1829 5801 452 2107
29 8243 3288 4727 7542 7534 9375 242 2895 3681 4604 7954 3621 8457 7746 2308 1458 4178 9615 5313 845 8072 7848 9143 5707 8848 421 6541 2237 9322
29 3963 9187 6848 6169 4520 3831 7380 1079 9116 6626 3290 7940 6423 673 7356 2270 5571 7367 2343 1013 4391 4399 5106 6874 2327 4813 3271 3087 2227
29 701 9282 3346 4642 9379 3884 3769 8281 6496 5111 3475 5047 7517 7626 859 3580 6560 4704 4126 2353 9293 9895 2378 6292 4045 4136 9573 9460 2763
29 7648 9095 8752 2576 102 1128 1136 9305 3699 7566 1307 4540 9210 2383 6356 321 8326 3364 8405 4800 2646 7697 6120 2887 6574 5048 3887 3308 7233
29 3181 2260 974 2907 235 6718 4909 4891 546 2280 4644 5213 8830 5402 3447 279 1951 5892 9737 8662 996 8839 1593 3272 3383 4790 7529 280 5630
29 4067 8180 8791 8422 5112 7329 6951 3287 5464 3438 7997 7562 1240 4863 9045 7170 1026 6961 9470 3550 97 7698 3486 965 7738 426 143 945 4712
28 4074 4490 4327 8370 2355 7 5736 8693 6405 3983 9383 7736 4100 9941 2288 7585 6 3942 256 4814 710 3604 4210 7229 4528 3306 6863 3669
28 799 8310 8749 3051 4969 1874 4846 4421 8601 6956 8284 1244 3267 7509 9121 82 1502 3856 9859 5888 8513 1528 304 6445 4987 554 107 4810
28 8755 3441 2909 3532 4985 455 8340 3939 3331 9711 8425 9478 6564 7379 864 5065 2531 3387 7121 1315 6087 4034 343 1035 5149 453 131 2919
28 1575 8410 8626 9118 9413 7331 9856 5895 6308 3034 7835 6244 5309 276 2208 9973 2719 2975 4487 8255 6614 141 5189 9394 5217 7259 9344 867
28 9512 4753 7753 1574 2856 3848 5994 7459 6676 2747 4332 2928 6360 3585 2283 7017 4224 3952 73 1572 3707 3517 1924 4250 9868 3344 2500 6850
28 8346 3651 7953 9219 8574 2410 1579 820 5510 9232 3753 6739 3198 2758 6829 2884 6612 2121 857 4565 3927 3698 2455 6315 3414 3240 6849 3419
28 4016 7009 5676 346 4872 6018 3782 5177 7079 5546 5668 4094 9686 5854 1994 8678 8560 875 2836 1665 2065 5757 4363 4127 4230 8652 7655 8568
28 2096 2417 1752 2828 9590 8075 7363 6657 7185 2997 2657 2731 4004 3333 9354 3042 1298 1106 9549 1993 5884 217 396 6166 1016 9761 1713 4598
28 3081 9228 6141 8941 9117 3948 349 7063 556 7920 9943 3117 8250 686 3540 641 928 4848 9591 5351 6479 877 3598 601 3793 6458 6579 9655
28 2581 4833 3016 4311 8352 1428 8476 4105 6187 4317 559 3723 659 9606 9352 8026 9397 5489 6429 9217 2845 9243 2932 5866 8696 8963 1498 7161
28 6635 7222 6827 4578 2478 9101 7993 599 7175 4989 8698 1210 1212 2414 9815 7608 2663 4142 4103 3477 291 6719 4495 9316 2093 7198 4657 3893
28 9766 7666 6333 7398 4669 1098 1982 2899 6059 7316 3905 271 4873 190 5897 5372 7725 2768 2875 2409 1456 7677 3269 7317 3967 9033 3649 8316
28 668 9703 9365 1770 9429 5906 675 1848 4328 9869 1160 5916 3813 904 7827 4607 8099 2427 1765 3371 3144 4792 3987 9839 3689 707 8074 7205
28 3178 473 5952 3298 6361 4152 9967 1137 3754 4174 8770 5096 5704 6519 4527 5971 5314 8051 8549 5083 6769 2515 4551 7836 6792 9283 794 3010
28 5198 832 9930 8780 5526 3746 3775 1763 1049 4542 4783 4692 6340 9176 1418 6511 4726 9006 3317 1332 2185 1036 9880 7062 3145 368 5851 8943
28 7495 6098 1832 2681 3440 7497 3420 8374 2514 4903 1619 1352 5864 6191 2924 5569 7847 3483 863 5887 9688 4218 9181 4545 5978 2838 8088 1374
28 7750 9190 2137 4347 514 493 8117 8823 6971 2847 8722 7146 3131 8801 1969 2710 9090 568 2197 4403 2364 8550 2232 8461 1722 8293 2220 2268
28 7006 914 8619 1991 8699 4659 8115 4112 2116 8841 463 3241 391 2629 6557 3384 4229 3688 7033 4702 8056 5975 6200 2303 2830 2165 8718 9492
28 373 693 4638 6230 9083 9151 5869 5242 6070 1520 5025 189 1750 7048 6607 4629 3863 9772 1398 6178 1805 2642 6836 9464 9304 9825 8414 2438
28 3300 9673 9726 6467 9200 199 9713 6840 9167 5742 4088 1849 245 3734 8627 8085 8712 1605 8575 9569 2398 3510 2622 1751 1914 4887 4304 3664
28 6976 2025 3073 852 2494 5555 7214 6905 5789 1961 9484 718 487 5169 4137 1988 8039 7274 6835 6997 2943 6634 6260 2596 1195 5682 2973 2673
28 8027 243 158 600 876 3094 2643 9150 7463 8586 6611 3730 8929 9557 5098 7957 7189 5918 1095 3167 5247 8392 9517 7825 3955 7399 9234 1541
28 2974 432 9729 7882 7557 9638 1643 5139 7174 841 7659 8440 4020 3039 7396 5611 4106 5932 4435 50 1777 34 9330 6258 4146 5341 3254 3823
28 4194 7986 4535 6108 4779 3628 87 2723 5912 9740 8286 2934 1174 4206 9196 74 1364 3559 2835 6685 5945 481 2008 2649 6846 9574 1950 9993
28 9536 6652 7735 9163 8459 7532 7118 8651 6922 8032 8977 6712 7157 8765 252 9235 4782 4125 2357 7442 1652 5670 1472 2926 8930 1897 4988 4791
28 1939 7169 6358 9391 7782 7668 4179 4611 9377 6046 3951 6888 7790 3724 7709 8702 3566 83 1453 6927 2612 3442 561 7786 1934 2557 8747 3202
28 6246 96 317 636 5750 8306 610 848 8323 5155 7883 4235 8083 4319 2650 578 6110 2273 8451 4456 6828 3299 2580 3499 353 4255 9649 1065
28 2347 6270 8156 4173 5592 829 6684 1045 8471 8469 5228 5265 8345 8467 624 879 8393 8311 1484 1062 9326 9077 3105 5069 6551 9112 7236 5780
28 5084 9962 9381 8777 2831 5440 1560 4667 7609 997 10 6481 6210 5315 1957 6737 1835 2570 3703 1372 6329 9802 5119 9546 309 7199 6367 32
28 4670 4560 4434 2560 1598 1312 3064 1413 7424 316 2168 1919 8239 6204 454 5989 7475 1733 3818 2408 8822 2940 8681 3203 1274 433 8746 2385
28 160 5554 1850 7030 4532 2910 6225 5508 9230 5713 7650 8337 2773 9047 4637 1132 8638 6073 6613 8731 3763 178 6088 506 868 323 6381 6226
28 4287 8932 3228 6589 7674 1181 1811 7255 6819 1424 5455 9775 6135 6606 5461 893 6248 6006 8009 2964 5234 7154 5839 1117 3985 5023 7802 2166
28 2871 6021 3928 3988 1517 7765 2342 811 6637 3597 4587 9431 6133 1682 1369 782 4157 5421 9110 8912 9198 7652 6079 176 7018 3683 6776 3289
28 9380 9558 5206 7083 8261 7407 5610 7162 3168 2381 1648 8437 9000 8224 5823 5794 2628 4599 5132 1824 1521 9526 5976 7512 1334 4091 3693 6355
28 5910 1700 3727 1448 5254 8429 1277 8872 4794 4401 1867 2262 2636 4360 8868 2955 8049 3507 9483 427 3175 475 3484 4019 983 4597 7203 5115
28 1859 5114 3235 9301 7968 3370 5211 9088 6486 736 8351 7568 9015 3246 7795 9599 7600 9788 4851 7572 2979 9969 4983 5960 9612 6339 8866 2495
28 7675 1328 6199 162 3979 2540 8127 7287 7980 4253 9806 8167 3557 3184 1198 6499 7127 8036 5697 7550 7468 1584 1571 9207 8767 7548 2682 3280
28 2826 2607 3625 564 1007 7413 7086 8403 5761 9170 7450 9403 3744 6144 3188 6833 6816 9054 6994 3805 5076 119 5143 3522 60 485 4799 7292
28 4759 269 246 1518 779 6858 9309 3315 4955 8314 7091 6140 8178 4128 5450 7840 6733 4276 7686 2668 3118 1703 2821 7574 3238 4580 5136 8530
28 2524 4258 301 7485 8591 9480 364 7225 9587 52 1959 7760 8432 9855 788 1734 1856 9042 6081 7262 9755 9014 6939 1876 5684 740 2175 5454
28 1787 9629 6752 4302 4686 9055 9164 8797 7433 9321 2207 3973 8005 7087 4486 9035 656 9516 7037 1789 5181 7085 8093 9175 5207 5321 2790 1954
28 6409 5720 6436 4926 827 4663 6471 4577 1380 1419 6872 81 6811 4643 6710 7747 79 9276 8171 8161 1888 7201 3485 1446 5152 8344 731 4754
28 8218 3970 4764 8794 4867 7639 4889 5158 9894 7299 4534 3828 2528 9004 1067 5632 4953 8613 7144 4392 4539 1 7711 2678 1979 250 70 587
28 9658 1415 5961 8065 1699 4398 8322 5995 1271 3158 8014 3866 5743 8740 8104 2618 7730 2587 3539 4001 6373 3504 9490 5925 6459 5818 9498 6369
28 2362 711 41 7005 6449 1120 3399 4187 2661 7615 9812 9953 548 9370 4515 1041 6477 9784 1545 6558 8441 7142 334 5837 6675 4588 336 2041
28 692 1223 5064 5655 6542 4466 3204 7927 3375 8768 5582 2588 7504 9768 328 9058 1513 1526 6444 1437 3408 6307 3330 967 537 4059 6498 2144
28 3534 9609 8584 4748 1231 2882 5110 5521 4591 9915 5608 3357 8195 2780 7588 6714 1031 4436 127 4557 1245 7636 7096 8832 4104 5695 8294 7812
28 7934 4078 8130 5159 393 7487 7640 37 1361 5613 8734 1821 7070 1780 366 524 1578 8769 621 2818 2754 9607 6550 4382 2701 1351 9509 8012
28 2947 1731 4581 6506 746 8789 4908 9898 7734 5271 6019 6662 2333 1885 9531 1163 3551 8991 8168 9135 3583 5879 1539 4135 874 9986 5686 8515
28 8717 9540 8029 8013 4689 6937 7924 1269 2301 8597 6989 1078 9346 1147 2577 1393 810 7156 14 4000 2267 5772 2823 2318 9425 9246 3236 2256
28 7796 8097 6353 2824 6958 6418 5184 6393 8121 7318 172 2685 2967 7691 2222 3430 5373 8719 4556 5266 4227 8478 3040 7851 8155 134 1068 6759
28 4980 4405 4866 5568 2349 7863 2108 1152 4536 8132 1826 7958 440 9580 6734 200 3376 4966 9929 6086 8388 4609 7657 7712 3018 8919 9613 139
28 4788 7328 5868 6925 9168 9542 6649 1197 9932 4337 3142 4047 6881 5542 3462 6153 977 5133 9185 392 2091 9848 6955 5001 5745 1173 8972 8710
28 9760 9888 4371 2841 9640 3960 5783 1020 9633 9317 665 1761 2050 6031 6625 7348 2820 6421 2843 8882 2156 6896 8181 8244 8610 7029 1720 6085
28 862 8611 9551 121 3572 4917 6383 3916 76 6837 1609 1912 8962 2844 3814 5035 6609 7469 8945 5466 6336 6491 4339 6286 5800 4555 4195 1662
28 6830 4984 1344 2228 2796 2373 5714 3873 3860 4752 1698 7984 3395 8018 5289 9320 8170 502 7805 3837 5118 4897 8248 490 8854 1933 5243 6089
28 3263 2848 5639 2206 2870 3345 1887 526 5585 434 1854 1005 5588 9036 4793 1799 2029 4159 1159 7965 7068 5147 8034 9637 620 1105 4999 1276
28 5061 1040 1689 664 6194 839 8353 7583 1270 8061 1403 7290 936 6117 2905 135 8578 4733 9630 833 2840 8199 4660 7251 3949 2535 5288 1827
28 3750 2792 2136 104 184 9286 5399 8415 202 9521 7975 9074 6841 3857 6768 1535 4031 4786 2039 1725 4349 4807 3807 296 4132 9010 4808 350
28 6771 3670 1870 1647 4934 6504 8373 9193 9229 4998 6229 1708 5540 122 8260 4453 2669 1893 9262 7890 3006 9285 6420 5833 1384 3640 8517 8790
28 9919 4248 7021 7056 8984 2525 7455 7838 5901 7053 9996 750 1204 2257 9171 5087 2697 5044 33 4837 7445 8147 2186 8779 775 1144 2241 6970
28 4899 8738 5749 6522 4594 9001 2916 4275 6844 5986 9847 5687 596 9353 425 3355 8152 2866 3323 456 8689 4956 5662 2908 1882 5528 4739 5756
28 7888 3108 7816 9189 8327 2805 7522 9024 5625 1672 1927 6193 6909 9459 3964 1879 6472 7564 579 6963 9822 3365 538 5693 7307 8080 1187 3339
28 3911 4312 3741 5812 8384 9124 1201 1729 2986 7891 901 9693 8988 2094 1321 3817 4549 1786 5443 8209 3715 4818 6171 1157 6138 6703 2010 3125
28 6256 6208 2122 4651 591 2199 8287 7397 947 91 6623 1296 3494 4505 2561 1443 5433 8829 1685 5223 3110 6628 1283 4231 1487 7772 4698 557
28 5896 8879 5548 9122 9965 948 3008 5601 7090 5793 633 5934 414 7864 2959 4624 2969 499 3135 1818 5268 729 5566 484 4191 6015 3660 7166
28 8569 3882 7603 8942 1865 2425 8511 20 4895 4315 1714 2513 4299 5512 7959 218 3694 7456 2971 7245 2857 1242 1544 7454 8185 4489 5343 7552
28 5619 714 5057 9654 4616 615 6060 5574 614 1706 3472 8913 2987 8856 9914 2049 9084 8227 5312 5942 299 7059 4342 1411 9424 7843 7008 2688
28 4076 9287 8799 793 2078 5040 2024 1595 7513 3787 7879 6380 9302 629 1353 5448 7966 1435 2949 6411 278 6857 9904 9616 6036 1844 5186 5556
28 5798 7717 2366 8813 8548 3329 603 2419 7567 5386 9934 7503 2726 378 8750 9426 5834 7999 3481 6972 2939 6945 1715 6025 1170 1371 6426 402
28 5089 5476 4340 8413 8288 3019 2016 4711 9183 5735 7372 9955 6442 3886 3898 1030 2920 5150 6300 9921 805 1980 5166 7073 8498 8864 8367 3098
28 4812 3663 7634 7400 6725 1701 8636 6075 8407 7342 3224 7726 1218 129 8955 8436 5797 4632 2989 3229 2456 4633 8683 8251 6023 2572 3161 4615
28 5327 9570 1813 3565 681 4552 5283 8450 9837 322 4497 261 232 2074 4061 8182 2482 6585 3892 7630 2903 5829 277 9702 9056 5617 8570 4789
28 9329 2153 8 5434 1303 8485 5221 6869 6630 7477 6810 3958 7866 6621 2084 2624 715 6045 4709 4204 6798 4116 4892 6559 4699 6700 4856 8419
28 1044 1388 3591 9785 0 2143 8481 4585 4261 8280 1377 1838 6342 9532 1753 3052 415 1833 3537 1129 7969 677 3396 4568 1325 54 6390 886
28 8067 6618 9893 2472 9134 1963 9505 6131 4502 1620 7660 7543 6783 2004 5531 9279 3514 7631 8715 8376 8895 3686 8438 9596 7414 9373 2512 3843
28 9514 1495 7806 7775 3130 920 6567 7584 6964 2293 2712 9105 114 58 4300 2299 6122 7484 5638 8672 8356 4861 8523 7527 8020 9020 8953 3722
28 4785 231 5053 3493 7227 5419 8622 201 8704 6058 9250 7277 9513 6154 7216 395 2509 8576 7500 3332 6741 4584 4203 6674 4912 1984 2941 7947
28 3179 5092 4606 8598 397 330 6163 5637 3870 3469 6707 3123 1412 7194 3436 3156 4213 6259 4586 717 7435 7207 1318 4631 3619 3630 4641 5624
28 9674 4041 4114 9092 5692 4200 3026 8709 4113 5679 2070 951 978 6530 3050 6812 5281 7231 352 7176 6464 1207 7295 46 9417 40 9990 4395
28 428 6573 5099 4935 406 3768 4226 4902 4199 9201 9332 94 4262 8556 1475 7598 5863 6910 2406 2538 9553 4518 2304 9396 3595 950 4417 4009
28 5365 424 4183 942 2648 4068 2087 4359 7327 1674 4691 9065 6698 6017 5970 4205 8483 8916 6801 248 3799 1511 2746 6441 5947 6791 8819 9273
28 9462 9300 4476 8163 1591 1529 8252 6505 4057 411 5310 9378 9886 1146 8192 7384 8389 3294 8447 6272 8621 3974 193 525 3148 823 3778 8764
28 8996 7672 7333 8589 6825 1203 7613 9102 6653 5484 7124 4465 8246 2863 1054 7745 8883 2976 6317 5355 332 6203 2051 801 6667 3789 549 8455
28 3234 5359 9762 7275 7178 1762 2658 6462 2743 9218 1500 3518 2597 9440 1576 1985 1556 4241 988 1224 1291 3221 5078 6202 9854 9879 6694 6926
28 92 2902 1497 7268 2489 4221 4283 7822 619 3545 5702 3871 6817 5576 4948 576 1742 592 8157 822 1316 3146 9862 6531 5055 4494 1746 8969
28 1359 2269 6730 7149 780 9682 1289 8816 6211 4228 8019 9324 1549 4628 8973 9793 8411 225 6454 8842 7171 3401 1082 1438 6264 3603 2504 4509
28 3303 6659 891 9372 6431 9100 194 7094 5209 8706 6735 2329 6443 6758 3506 7081 9741 5819 6257 6395 7823 4526 7160 2266 3256 5286 8362 741
28 8701 1730 7611 8044 5156 6572 3868 5081 5620 66 2874 5871 1820 2881 2325 6562 3528 4461 7286 1501 9274 5374 7340 4234 6334 4048 9771 2548
28 3284 5482 790 9568 4885 3368 3840 4012 9439 4411 5185 145 3738 2236 5117 8016 2149 445 9853 408 792 7617 5821 8951 9272 3015 4053 2633
28 8558 4474 567 3496 9857 4323 2833 2201 5021 6054 2441 3990 3620 5765 8635 3027 6806 2733 6638 6658 6240 4965 1124 6518 3675 7300 2829 3432
28 8458 8193 5640 943 3367 5835 4452 165 4716 4267 6394 6578 4647 8201 8724 2072 4625 181 2739 6899 4298 3786 8279 146 9528 106 4361 6051
28 2017 3101 8845 550 8741 7232 2110 4832 4574 8924 9903 9586 1130 1214 5534 312 678 3388 8382 9022 9626 4705 2958 7785 8343 5544 3804 5785
28 3615 3922 240 2591 8431 208 8081 1217 2140 6014 3810 6855 3126 5264 816 979 6991 6127 4521 9718 1389 7683 2131 5658 8847 1860 9767 7571
28 6296 9698 5578 3521 9651 7754 1043 6146 9539 9906 9905 924 8743 8053 6201 3710 7704 6121 7769 7421 1948 3567 9244 1491 227 885 4498 9751
28 4882 459 1292 3728 1153 2846 4439 5724 8169 1206 1900 4223 7610 419 6887 8197 293 4415 9066 9242 2734 2086 8108 8974 5926 6549 9044 1622
28 5507 2590 649 1071 5948 884 9448 6338 6008 1282 4118 8599 5215 8194 1317 4215 5985 7860 2045 6854 3003 9469 4957 6063 4941 9826 8159 5683
28 1433 6460 7719 5042 7418 8758 2118 7667 2579 8896 1425 8202 8565 9989 1460 2151 4842 4823 3258 7320 7488 9362 5873 8292 2617 939 915 222
28 6595 5739 6325 1532 9215 752 7439 7737 2876 3253 9598 1666 2811 6527 1249 9620 7982 9376 2630 3835 6977 1383 3482 2459 7177 627 8128 774
28 1178 543 9106 607 5422 1902 7669 6425 3249 4309 4026 9663 3556 338 173 7458 9113 8583 8043 2416 1597 7365 9518 8885 2853 9971 3643 2708
28 2003 2370 1661 7298 6126 1972 8713 1057 8187 6673 9735 8494 4936 1608 2142 4640 1740 5037 9337 6616 4429 4524 8730 2878 8685 2603 30 4390
28 5134 7899 123 7310 7065 382 42 6275 2106 4467 5015 9399 8607 7315 5205 7405 5137 8506 9602 6944 4693 9976 5791 1542 3374 9878 7723 1864
28 2379 8138 6604 7302 9270 6145 4181 7539 4010 8910 9259 7218 5429 1852 1247 5778 6918 2675 3854 6774 7741 6091 4582 9585 9075 489 7868 3895
28 354 2390 6218 3190 9552 5041 2600 855 1394 753 5903 418 5740 4102 8164 6452 6755 2470 1186 1211 7303 5807 5353 2490 1087 7758 7293 7387
28 4613 3743 4172 6916 2263 6600 1493 6343 618 4380 6594 8690 3512 4701 6642 3636 781 2036 7416 4682 8234 5218 7306 1115 2491 7326 4685 6330
28 7403 763 7910 2981 2802 3260 4350 5770 9104 1877 2430 6978 8059 5527 8110 8386 2614 4618 2023 2567 3801 4745 2861 435 9457 9832 5325 7078
28 7105 9040 1182 2474 7918 4820 9423 2421 1151 6228 9881 8928 1482 8434 2127 6742 4052 3222 2954 341 6362 7642 881 9186 8420 7076 7272 6901
28 1046 5727 9355 5173 6563 8748 8237 7438 6580 2035 716 5497 2961 5621 3132 8753 5032 6933 2760 9260 7075 8233 3162 2346 704 1059 6009 6064
28 9086 5225 4027 2915 1896 1164 7877 147 2956 1485 6109 6831 8766 6374 7122 1116 5101 7180 8612 8484 4766 7351 8873 6584 3411 6693 9382 1573
28 6279 4942 3377 4749 7058 8145 6148 2791 7690 1710 1075 2998 4400 1737 6101 7444 6151 2048 8566 4110 3328 7658 6877 6185 7915 8011 1233 3969
28 9523 5966 3673 9486 9162 5203 2737 6570 5618 3701 910 732 6548 8495 5144 9555 6590 1621 9428 8038 923 7685 2475 5142 6891 3780 1843 4626
28 3576 2246 2917 295 5357 5967 5924 8792 2781 89 6510 9275 4207 3570 9811 1227 3192 153 8708 5085 3460 8488 4871 9824 873 6386 3076 7644
28 9808 4420 2132 7643 9152 821 907 4090 2210 5716 6996 9652 56 1707 1263 5358 9592 3806 1523 3342 1975 3137 2259 3227 9770 3093 3996 449
28 4130 7045 8119 1490 7148 7970 9661 1188 8134 9672 4462 5090 1139 1191 3833 5732 3141 2728 1741 3336 4525 6382 6164 274 5378 4561 5138 6803
28 5496 3671 6430 3319 4874 5125 2966 7049 6251 4962 7777 8906 9016 4277 6789 8334 6297 7916 5067 4353 8754 9700 2706 754 4730 2031 2935 6553
28 4320 2942 174 6048 5105 9271 5255 376 1131 4579 220 4387 8902 4055 6007 2493 8628 5412 6524 9885 9069 171 5936 3529 9060 9787 5113 5267
28 9656 9081 1814 7749 7476 4769 5609 5634 7279 4547 3527 5731 1551 8751 5726 2696 7165 5999 3878 7481 9584 6807 3657 5710 8214 6434 5068 1370
28 4706 1310 6691 2972 6223 3149 7870 2776 9653 8203 3855 2021 1061 998 3361 1766 1261 5595 3874 7764 5642 9089 9501 1759 4131 7829 2740 7501
28 1505 3772 6494 9076 1447 5102 8629 7783 8122 1287 8971 8196 6476 1220 1072 6234 6298 5615 6661 1861 4614 7901 5369 5222 4761 6068 5395 8844
28 5671 3452 9823 3890 1514 8338 4583 9500 8590 3416 1314 204 9341 4211 9039 1469 4876 7759 9138 9314 4715 2789 3682 2446 3172 6790 3653 2392
28 8728 2751 2449 7715 8449 7011 9497 1135 7027 5122 6159 8846 7713 4216 9975 7431 6502 5124 8064 938 4457 6105 8378 6318 872 895 501 387
28 6142 6495 6285 2571 3325 9432 630 7625 3627 7284 6438 8232 6305 8562 8824 563 9667 4501 899 9608 7235 6521 7134 6868 4923 7371 8359 3028
28 758 4115 6689 1479 3910 8176 337 3415 4432 2005 7095 9950 7491 4196 358 7641 6301 5635 9559 5091 7637 5881 2655 2765 803 8082 7066 9794
28 2502 7041 6180 1241 213 9684 7343 5397 5066 7618 4508 5404 2064 4167 5367 4770 2492 8040 128 1516 5080 9828 9227 1847 1681 849 9985 724
28 5788 6782 8460 8665 3714 4454 4164 1922 7680 2079 3128 4252 2497 4445 3747 2832 8736 8531 4003 8529 6999 6004 7755 2468 228 7238 1580 6455
28 9114 7032 1911 2564 7150 1858 622 2444 759 3067 8368 7347 1692 2860 6352 48 4394 24 7406 8938 9063 6314 286 8406 8917 9041 5033 4993
28 1680 4673 968 3433 9991 9043 2453 3002 4098 1255 3461 2389 4459 503 8363 5746 5921 3109 6539 8057 671 9130 1784 2294 713 444 1553 7024
28 3157 8231 2244 7369 2683 1354 8691 8744 1802 3736 1629 7854 6174 5660 7514 1748 8025 1089 8922 6274 9744 4997 7270 7409 3037 7193 5721 4313
28 3004 1878 8259 45 2159 7681 7385 2625 5941 469 2058 422 1702 7729 3976 8348 4553 1088 4308 3943 6984 4950 3812 8559 8247 5656 7519 8162
28 3412 1917 6906 7943 5689 7914 7937 9050 370 6815 1462 5 5121 7595 8674 1301 2415 7693 259 1683 3 3245 5814 5302 4809 2164 4111 2295
28 1630 7336 1450 2278 2071 3012 2604 8966 8645 858 6931 2291 5108 100 3827 7577 2807 2158 9567 4488 7461 4925 8358 5644 3450 8297 6417 4329
28 5199 2411 5529 9212 3139 6695 4095 5680 1656 438 5391 7401 5167 7341 8443 5672 7392 4994 4981 689 7855 210 728 8592 1235 3218 6328 7743
28 6517 5200 476 9342 8336 9487 6697 1691 5882 359 2200 6237 1930 4018 3954 3695 825 1555 4879 9158 6379 8880 946 6077 4772 4765 8800 5915
28 5244 9805 2619 9748 3637 8100 7427 7987 2020 1114 3393 1429 5383 8216 2901 640 1365 8533 7465 1107 3655 6391 3309 4734 6350 4896 2242 3409
28 3687 7938 730 8805 311 233 9723 2736 2849 3678 908 5415 5843 1581 7821 1268 7720 5486 6736 6992 9199 812 2522 8697 2808 962 2435 8446
28 9311 195 3594 7046 4440 7192 5352 6788 6893 9959 735 4338 9109 2040 3756 7012 1167 2279 3434 8282 149 4168 9297 3759 3732 2764 4007 6620
28 3971 2543 6197 1473 9374 8295 1050 2507 5701 4735 3509 1494 5334 7981 725 7429 807 1633 9666 3478 5307 7808 744 5706 6029 6416 7671 2075
28 5815 4860 4066 3183 7530 8444 1375 9068 3340 9310 44 7592 5074 1868 8557 2314 3270 5442 3644 9451 837 7549 150 1915 971 9946 1509 345
28 3353 5633 8257 773 5953 894 9730 5342 7751 6824 2119 6468 1055 8817 5830 6983 4451 9206 4352 4082 2923 9223 5430 5675 7039 8017 9463 8375
28 3639 6681 9475 72 6954 1250 7349 9683 2013 6721 6168 5401 6890 5406 7845 7977 4188 5396 5491 882 1986 7110 8198 6078 635 2555 9882 3733
28 1594 1846 2611 2594 6493 4065 1599 9178 3755 2583 451 1705 9504 1165 2445 7876 5151 2653 4803 8604 3274 5591 8200 9420 8539 374 3428 31
28 4208 3099 6802 7179 6337 389 6415 1645 7246 3232 9096 6800 8207 5549 3403 3825 1362 6130 842 108 6181 6206 6731 5481 1069 1973 3533 5366
28 9708 8939 1894 2183 7120 8532 4214 3666 4858 4756 4747 9961 333 6535 9764 1496 6302 5764 6911 4738 6090 9123 3937 5445 2264 3771 9289 5614
28 7662 5826 6424 4124 3716 8106 8015 7071 6432 7794 3923 1626 6155 9107 6278 4835 9942 4804 4658 4443 6953 8519 680 9438 3163 1941 5333 9485
28 6747 4144 8573 4133 6123 2980 9241 8828 3196 8884 4014 9141 6688 9454 2396 1226 4160 1895 5405 3106 2704 9699 2968 4023 7133 9799 4817 7768
28 5874 9338 6363 7140 6002 2839 2549 2174 7820 1127 1025 407 7054 1880 916 7373 4978 6482 8153 7872 6882 9870 6942 2204 8487 8212 3739 8063
28 4305 917 2716 5163 6507 8577 5802 2339 5514 2676 9070 1386 5292 2530 3053 737 3070 6289 5949 9057 2545 4840 8870 4354 2501 9814 5368 2001
28 4718 5301 5278 956 7633 1507 7447 5131 4806 6665 1373 8330 2372 8303 1171 9312 1060 1024 7253 5444 5959 5558 5424 9927 486 6520 2983 8989
28 1180 7886 2711 5346 1237 6027 8424 1113 6706 861 3147 8256 1018 488 597 1967 300 6576 4920 1873 2756 5979 6732 8166 5709 4593 4263 8258
28 2868 1898 7492 5577 9166 4017 47 1422 1441 8179 1083 9792 712 4968 3281 3322 255 7239 3774 5810 3819 6283 8553 1810 1869 5990 2097 1421
