25 2591 0 113 275 478 721 1025 1383 1782 2182 2614 3082 3563 4062 4561 5038 5542 6053 6536 7010 7523 8021 8519 9023 9498
25 1817 4476 1403 276 479 724 1026 1384 1783 2183 2616 3083 3564 4063 4562 5039 5543 6054 6537 7012 7524 8023 8520 9025 9499
25 7468 7376 114 277 480 725 1028 1386 1784 2184 2617 3084 3565 4064 4563 5040 5545 6055 6538 7014 7525 8024 8521 9026 9500
25 8227 6600 4898 5865 481 726 1029 1387 1786 2185 2619 3085 3566 4066 4564 5041 5546 6057 6540 7016 7526 8025 8522 9027 9502
25 7716 9579 3887 4310 9811 727 1030 1388 1787 2186 2621 3087 3567 4067 4565 5042 5548 6058 6541 7018 7527 8026 8523 9028 9504
25 9459 4390 7182 1552 482 728 1031 1389 1788 2187 2622 3089 3568 4068 4566 5043 5549 6059 6542 7019 7528 8027 8524 9029 9505
25 7227 389 1623 8008 1542 3035 1032 1391 1790 2188 2624 3090 3570 4071 4567 5045 5551 6061 6543 7020 7529 8029 8525 9030 9506
25 3560 1 115 278 483 729 1033 1392 1791 2189 2626 3091 3572 4073 4569 5047 5552 6062 6546 7021 7531 8030 8527 9031 9507
25 5480 5891 8308 279 484 730 1034 1393 1792 2190 2627 3092 3573 4074 4570 5049 5554 6063 6547 7022 7532 8032 8528 9032 9508
25 2418 7600 2298 1758 485 731 1036 1394 1793 2192 2629 3093 3574 4075 4571 5050 5556 6064 6549 7023 7533 8033 8529 9033 9510
25 5991 4065 6830 4622 487 733 1038 1395 1794 2193 2630 3094 3575 4076 4572 5052 5557 6065 6550 7024 7535 8034 8530 9035 9511
25 2573 3246 1293 280 488 734 1039 1396 1795 2194 2631 3095 3576 4078 4573 5053 5558 6066 6552 7026 7536 8035 8531 9036 9512
25 3647 5919 9663 6099 2818 818 4305 1397 1796 2195 2632 3096 3577 4079 4574 5054 5559 6067 6553 7027 7537 8037 8532 9037 9513
25 4796 2 116 281 489 735 1041 1398 1797 2196 2633 3098 3579 4080 4575 5056 5561 6068 6554 7028 7538 8039 8533 9038 9514
25 7948 3028 1327 7688 9005 736 1042 1400 1798 2198 2634 3100 3580 4081 4576 5057 5564 6069 6555 7029 7539 8040 8534 9039 9516
25 5982 3 117 282 490 737 1043 1401 1799 2199 2635 3101 3581 4082 4577 5058 5565 6070 6556 7030 7540 8041 8535 9040 9517
25 1855 4 118 283 491 738 1044 1402 1800 2200 2636 3102 3582 4083 4578 5060 5566 6071 6557 7031 7541 8042 8536 9041 9518
25 2660 6521 4277 284 493 739 1045 1404 1802 2203 2637 3103 3583 4085 4579 5061 5567 6073 6558 7032 7542 8043 8537 9042 9521
25 4887 5 119 285 494 740 1046 1406 1804 2204 2639 3104 3584 4086 4581 5062 5568 6075 6560 7033 7543 8044 8538 9043 9522
25 3202 9569 204 286 495 741 1047 1407 1805 2205 2640 3105 3585 4087 4582 5064 5569 6077 6561 7034 7544 8045 8539 9045 9523
25 1000 6 120 287 496 743 1048 1409 1806 2206 2641 3106 3587 4088 4583 5065 5572 6078 6562 7035 7545 8049 8540 9046 9524
25 2736 1015 121 288 497 744 1049 1410 1807 2207 2642 3108 3588 4089 4584 5066 5574 6079 6563 7036 7546 8051 8541 9047 9526
25 3491 7 122 289 498 745 1050 1412 1808 2208 2643 3109 3589 4090 4585 5068 5576 6081 6564 7037 7547 8052 8542 9050 9527
25 8890 3767 4998 5202 6158 6994 2145 3185 1809 2209 2644 3110 3590 4092 4586 5069 5577 6082 6565 7038 7548 8053 8544 9051 9529
25 7206 8 123 290 500 746 1051 1413 1810 2210 2645 3112 3591 4093 4587 5070 5579 6083 6566 7040 7549 8055 8545 9052 9531
25 9121 384 1586 6545 869 8740 1052 1414 1811 2211 2646 3114 3592 4094 4589 5073 5580 6084 6567 7041 7550 8057 8547 9053 9532
25 2288 9750 7375 7288 4795 747 1053 1415 1812 2213 2647 3115 3593 4096 4590 5074 5581 6085 6568 7043 7551 8058 8548 9054 9534
25 8563 9 124 291 501 749 1054 1417 1813 2214 2648 3116 3594 4097 4591 5075 5582 6086 6570 7044 7552 8059 8549 9056 9535
25 9927 6441 125 292 502 750 1055 1418 1814 2215 2649 3117 3596 4098 4593 5076 5583 6088 6571 7045 7553 8060 8550 9057 9536
25 1880 10 126 293 503 751 1056 1419 1815 2216 2650 3118 3597 4099 4594 5077 5584 6089 6572 7046 7554 8061 8551 9059 9537
25 2718 4052 9827 2353 6288 752 1057 1420 1816 2217 2651 3119 3598 4100 4595 5078 5585 6091 6573 7047 7555 8062 8554 9060 9538
25 7110 11 127 294 504 753 1058 1422 1818 2218 2652 3121 3600 4101 4596 5079 5586 6092 6574 7048 7556 8063 8555 9061 9539
25 8306 8397 7304 4779 505 754 1059 1423 1819 2220 2653 3122 3601 4102 4597 5080 5587 6093 6575 7050 7557 8065 8557 9062 9540
25 7433 12 128 295 506 755 1060 1424 1820 2221 2655 3123 3602 4103 4598 5081 5590 6094 6576 7051 7558 8066 8559 9063 9542
25 6544 7813 129 296 507 757 1062 1428 1822 2222 2656 3124 3603 4104 4601 5082 5591 6095 6577 7054 7559 8067 8560 9064 9543
25 1339 13 130 297 508 758 1063 1429 1823 2224 2657 3125 3604 4105 4602 5083 5592 6097 6578 7055 7560 8068 8561 9065 9544
25 2346 3507 2491 3857 509 759 1065 1430 1824 2225 2658 3126 3605 4106 4603 5085 5594 6098 6579 7056 7561 8069 8562 9066 9545
25 7581 14 131 298 510 760 1066 1431 1825 2226 2661 3127 3606 4107 4605 5086 5595 6100 6580 7057 7562 8072 8564 9067 9546
25 5968 15 132 299 511 761 1068 1432 1826 2227 2662 3128 3607 4108 4606 5087 5596 6101 6582 7058 7563 8073 8566 9068 9547
25 8824 16 133 300 512 764 1069 1434 1827 2228 2663 3129 3609 4109 4607 5088 5598 6102 6584 7060 7564 8074 8567 9070 9548
25 8071 8433 134 301 513 765 1070 1436 1828 2229 2664 3130 3610 4110 4608 5089 5599 6103 6585 7062 7565 8075 8568 9071 9549
25 2176 5914 9986 6509 2544 6339 6507 1438 1830 2230 2665 3131 3612 4111 4609 5090 5600 6105 6586 7063 7567 8076 8569 9073 9551
25 7632 17 135 302 514 767 1072 1441 1831 2231 2666 3132 3613 4112 4610 5092 5601 6106 6587 7064 7569 8079 8570 9074 9552
25 7347 8599 7280 1991 7859 6995 5044 7039 6626 2232 2667 3133 3615 4113 4611 5093 5602 6107 6589 7065 7570 8081 8573 9075 9553
25 4301 3111 4700 8216 8443 768 1073 1443 1832 2233 2668 3135 3616 4114 4613 5094 5603 6108 6590 7066 7571 8082 8574 9076 9554
25 8596 18 136 303 515 769 1074 1444 1833 2234 2670 3136 3619 4115 4614 5096 5605 6109 6592 7067 7572 8083 8575 9077 9555
25 1545 19 138 304 516 771 1075 1445 1834 2235 2672 3138 3620 4117 4615 5097 5606 6110 6593 7070 7573 8084 8576 9078 9556
25 6834 20 139 305 517 772 1077 1447 1835 2236 2673 3139 3621 4119 4616 5099 5608 6111 6594 7072 7574 8085 8577 9079 9557
25 492 21 140 307 518 774 1078 1448 1836 2239 2674 3141 3622 4120 4617 5100 5609 6112 6595 7073 7576 8086 8579 9080 9558
25 4027 8345 141 308 519 775 1079 1449 1837 2240 2675 3142 3623 4121 4618 5101 5610 6113 6596 7074 7578 8089 8580 9081 9559
25 8773 1037 350 1334 1440 4972 5653 1939 7049 2241 2679 3143 3625 4122 4619 5104 5611 6114 6597 7076 7579 8090 8582 9082 9560
25 7575 3272 6514 8726 6775 3931 1080 1450 1838 2242 2680 3144 3626 4123 4620 5105 5612 6115 6598 7077 7580 8091 8583 9083 9561
25 2528 22 142 309 520 776 1081 1451 1839 2244 2681 3146 3627 4124 4621 5106 5613 6116 6599 7078 7582 8092 8584 9084 9562
25 978 24 143 314 521 777 1082 1453 1840 2245 2682 3148 3628 4125 4623 5107 5614 6117 6601 7079 7583 8093 8585 9085 9563
25 1159 25 144 315 522 778 1084 1454 1841 2246 2683 3149 3629 4126 4624 5109 5615 6118 6602 7080 7584 8094 8586 9086 9564
25 6686 26 145 316 523 779 1085 1455 1842 2247 2684 3150 3632 4128 4625 5111 5616 6119 6603 7081 7585 8095 8587 9087 9565
25 4471 27 146 317 524 780 1086 1456 1843 2248 2685 3151 3633 4129 4627 5112 5617 6120 6604 7082 7586 8096 8588 9089 9566
25 8402 8753 147 318 525 781 1088 1457 1845 2249 2686 3152 3634 4130 4628 5113 5619 6121 6605 7083 7587 8097 8589 9090 9568
25 476 9999 1680 319 526 782 1089 1458 1846 2250 2687 3153 3636 4131 4630 5114 5620 6122 6606 7084 7588 8098 8590 9091 9570
25 6517 28 148 320 527 783 1090 1460 1847 2252 2688 3154 3637 4132 4631 5115 5621 6123 6607 7085 7591 8099 8591 9092 9571
25 4793 29 149 321 528 785 1091 1461 1848 2255 2690 3155 3639 4134 4632 5116 5622 6125 6608 7086 7592 8100 8592 9093 9572
25 6190 3559 150 322 529 786 1092 1463 1850 2256 2691 3156 3640 4136 4633 5117 5623 6126 6609 7087 7593 8101 8593 9094 9574
25 9287 30 151 323 530 787 1094 1464 1851 2257 2692 3157 3641 4137 4634 5118 5624 6128 6611 7088 7594 8103 8594 9096 9575
25 6527 31 152 324 531 788 1097 1465 1852 2258 2694 3159 3642 4139 4635 5119 5626 6130 6612 7089 7595 8104 8597 9098 9576
25 8253 3809 3310 1958 532 790 1098 1466 1853 2259 2695 3160 3643 4140 4636 5120 5627 6132 6613 7090 7596 8105 8598 9100 9577
25 7013 2944 1533 2998 4996 5110 5410 9608 1854 2260 2696 3162 3644 4141 4637 5121 5628 6133 6615 7091 7597 8107 8600 9101 9578
25 8088 1706 3656 9304 533 791 1099 1467 1856 2261 2699 3164 3646 4142 4638 5122 5629 6134 6616 7092 7598 8108 8601 9102 9581
25 5091 8722 153 325 534 792 1100 1468 1857 2262 2700 3165 3648 4143 4639 5123 5630 6135 6617 7093 7601 8109 8602 9103 9582
25 8730 32 154 326 535 793 1101 1469 1859 2263 2701 3166 3649 4146 4640 5124 5632 6137 6618 7094 7602 8110 8603 9104 9583
25 9252 7113 4853 898 9281 2139 8138 1470 1860 2264 2702 3167 3650 4147 4641 5125 5633 6138 6619 7095 7604 8112 8604 9106 9584
25 9483 8982 8762 3611 1575 794 1102 1471 1861 2266 2705 3168 3651 4148 4642 5126 5634 6139 6620 7096 7605 8113 8608 9107 9585
25 4557 33 155 327 536 795 1103 1472 1862 2267 2706 3169 3653 4149 4643 5128 5635 6140 6621 7098 7607 8114 8609 9108 9586
25 1067 9921 3733 9312 537 796 1104 1473 1863 2268 2707 3170 3655 4150 4645 5129 5636 6141 6622 7099 7608 8116 8610 9110 9587
25 9520 34 156 328 538 797 1106 1474 1864 2270 2708 3172 3657 4151 4647 5131 5638 6142 6623 7101 7609 8117 8612 9111 9588
25 7025 35 157 329 539 799 1108 1475 1865 2271 2711 3173 3658 4152 4648 5132 5639 6144 6625 7102 7610 8118 8613 9112 9589
25 2384 3161 6365 8201 2579 6434 1109 1476 1866 2272 2712 3174 3660 4153 4649 5133 5640 6146 6627 7103 7611 8120 8614 9113 9590
25 4829 908 6581 7510 7817 5450 4500 1572 4261 8641 9971 9854 5175 4154 4650 5134 5641 6147 6628 7104 7612 8121 8615 9114 9592
25 3321 1670 1614 6096 7878 7311 1110 1477 1867 2274 2713 3175 3661 4155 4651 5135 5642 6148 6629 7106 7614 8122 8616 9115 9593
25 9723 36 158 330 540 800 1111 1479 1868 2275 2714 3176 3662 4156 4652 5136 5643 6149 6631 7107 7616 8125 8617 9116 9594
25 9868 37 159 331 541 801 1112 1480 1869 2277 2715 3177 3663 4157 4653 5137 5645 6150 6633 7111 7617 8126 8619 9118 9595
25 8670 4629 6363 3347 3836 4269 1113 1481 1870 2278 2716 3180 3664 4159 4654 5139 5648 6151 6634 7112 7618 8127 8620 9119 9596
25 4679 4836 6362 9878 6895 7789 1115 1482 1871 2279 2719 3181 3665 4160 4655 5140 5650 6153 6635 7114 7619 8128 8621 9120 9597
25 5071 38 160 332 542 802 1116 1483 1872 2280 2720 3182 3666 4161 4656 5142 5651 6155 6636 7116 7620 8129 8623 9122 9598
25 1135 2359 3134 4926 5731 1731 1117 1485 1873 2281 2721 3183 3667 4162 4657 5143 5654 6156 6637 7117 7622 8130 8624 9124 9599
25 306 7239 6935 333 543 803 1118 1486 1875 2282 2722 3186 3668 4163 4658 5145 5655 6157 6638 7118 7625 8131 8627 9125 9602
25 5578 40 161 334 544 804 1120 1487 1876 2283 2723 3187 3669 4164 4659 5148 5656 6159 6639 7119 7626 8132 8628 9127 9603
25 5983 5813 3359 3771 3688 805 1121 1488 1877 2284 2724 3188 3670 4165 4660 5150 5657 6160 6640 7120 7627 8133 8629 9128 9604
25 719 8546 8244 5988 948 1374 1122 1489 1879 2285 2725 3189 3671 4166 4661 5151 5658 6161 6641 7121 7628 8134 8630 9129 9605
25 7804 1411 7052 3853 2851 806 1123 1490 1881 2289 2726 3190 3672 4167 4663 5152 5660 6162 6642 7124 7629 8135 8631 9131 9606
25 2430 1452 162 335 545 808 1124 1491 1883 2290 2727 3191 3673 4168 4664 5153 5662 6163 6643 7126 7630 8136 8632 9132 9607
25 7325 6665 9764 7723 3097 2606 1125 1492 1884 2291 2728 3192 3674 4169 4665 5154 5663 6164 6644 7127 7631 8137 8633 9133 9609
25 1114 41 163 336 546 809 1126 1493 1885 2292 2729 3194 3675 4170 4666 5155 5667 6165 6645 7128 7633 8140 8634 9134 9610
25 3358 3774 5570 2844 4683 7784 7391 3458 1886 2293 2730 3195 3677 4171 4667 5156 5668 6166 6646 7129 7634 8142 8635 9135 9611
25 7621 42 164 337 547 810 1127 1494 1887 2295 2731 3196 3678 4172 4668 5157 5670 6167 6648 7130 7635 8143 8636 9136 9612
25 6463 229 1093 9638 2618 811 1128 1496 1888 2296 2732 3197 3679 4173 4669 5158 5671 6168 6649 7131 7636 8144 8637 9137 9613
25 6879 9372 3297 5625 4901 2243 6229 3883 4841 2299 2733 3199 3680 4175 4670 5159 5672 6169 6651 7132 7637 8145 8638 9138 9615
25 8303 4181 7992 1549 1437 813 1129 1497 1889 2301 2734 3200 3681 4176 4672 5160 5673 6170 6652 7134 7638 8146 8639 9139 9616
25 5059 43 166 338 550 814 1130 1498 1890 2302 2735 3201 3682 4179 4673 5161 5674 6171 6653 7135 7639 8148 8640 9140 9617
25 1146 4361 4678 4311 9661 4268 5055 1499 1891 2303 2737 3203 3683 4180 4674 5162 5675 6172 6654 7136 7640 8149 8642 9141 9618
25 9530 44 167 339 551 815 1132 1500 1892 2304 2738 3205 3685 4182 4675 5163 5677 6173 6655 7137 7642 8150 8643 9142 9619
25 2939 45 168 340 552 817 1133 1501 1893 2305 2739 3208 3686 4183 4676 5164 5678 6175 6656 7138 7643 8151 8644 9143 9620
25 6252 3751 3905 812 694 5102 8565 4373 5533 7828 5443 7943 4354 4184 4677 5165 5680 6176 6657 7140 7645 8153 8645 9144 9621
25 2412 7483 590 1923 9387 819 1134 1502 1894 2306 2740 3209 3689 4185 4680 5166 5681 6177 6658 7141 7646 8154 8647 9146 9622
25 7972 7519 8611 8905 8654 821 1136 1503 1895 2307 2741 3210 3690 4186 4681 5167 5682 6178 6659 7142 7647 8155 8648 9148 9623
25 5903 46 169 341 553 822 1137 1504 1896 2309 2742 3211 3691 4187 4682 5168 5685 6179 6660 7143 7650 8157 8649 9149 9624
25 4646 4023 170 342 554 823 1138 1505 1897 2311 2743 3212 3692 4188 4684 5169 5686 6180 6662 7144 7651 8158 8650 9150 9625
25 3539 8895 171 343 555 824 1139 1506 1898 2312 2744 3213 3693 4190 4685 5170 5687 6181 6663 7145 7652 8159 8651 9151 9626
25 3760 8139 9648 5046 2492 9488 1141 1508 1899 2313 2745 3214 3695 4192 4686 5171 5689 6182 6664 7148 7653 8160 8652 9152 9627
25 2212 3389 8344 654 3702 5664 8195 6011 4203 2314 2746 3215 3697 4193 4687 5172 5690 6183 6666 7149 7654 8161 8653 9153 9628
25 1376 9601 172 344 556 825 1142 1509 1900 2315 2747 3216 3699 4194 4688 5173 5691 6185 6667 7150 7656 8162 8655 9154 9629
25 6960 6080 173 345 557 826 1144 1510 1901 2316 2748 3217 3700 4195 4689 5174 5692 6186 6668 7151 7657 8163 8656 9155 9630
25 820 47 175 346 559 827 1145 1511 1902 2317 2750 3218 3701 4196 4690 5177 5693 6188 6669 7155 7658 8164 8657 9156 9631
25 3654 6319 3749 6933 9172 828 1147 1512 1903 2318 2752 3219 3704 4198 4691 5178 5694 6189 6670 7156 7659 8165 8658 9157 9632
25 835 48 176 347 560 829 1148 1513 1904 2319 2753 3220 3706 4199 4692 5180 5695 6191 6671 7157 7660 8166 8659 9158 9633
25 8967 1427 8893 348 561 830 1149 1514 1907 2320 2754 3221 3707 4200 4693 5181 5696 6192 6672 7158 7661 8167 8660 9159 9634
25 2758 49 177 349 564 832 1151 1515 1908 2322 2755 3222 3710 4201 4694 5182 5697 6194 6673 7159 7662 8168 8661 9160 9635
25 4469 50 178 351 565 833 1152 1516 1909 2323 2756 3223 3712 4202 4696 5183 5698 6195 6674 7160 7663 8169 8662 9161 9637
25 4868 7264 179 352 566 834 1153 1517 1910 2324 2757 3224 3714 4204 4697 5184 5699 6196 6675 7161 7664 8170 8664 9162 9640
25 2053 51 181 353 567 836 1154 1518 1911 2325 2759 3226 3715 4205 4698 5185 5700 6198 6676 7162 7665 8172 8667 9163 9641
25 6377 9519 5604 8384 7059 837 1155 1519 1912 2327 2760 3227 3716 4206 4699 5186 5702 6199 6677 7163 7666 8173 8668 9164 9643
25 6583 3388 5618 354 568 838 1156 1520 1913 2328 2761 3228 3717 4207 4701 5187 5703 6201 6678 7164 7667 8174 8671 9165 9645
25 773 52 182 355 569 839 1158 1521 1914 2329 2762 3231 3719 4208 4702 5188 5704 6202 6679 7165 7668 8175 8672 9166 9646
25 6753 53 183 356 570 840 1160 1522 1915 2330 2763 3232 3720 4209 4703 5189 5706 6203 6680 7166 7670 8176 8673 9167 9647
25 873 9436 7139 7251 9069 4412 3523 4751 3929 3618 2824 3233 3721 4211 4704 5191 5707 6204 6681 7167 7672 8177 8674 9168 9649
25 4411 6499 1322 2310 2373 7348 2130 1523 1916 2331 2764 3234 3722 4212 4705 5192 5708 6205 6682 7169 7674 8178 8675 9170 9650
25 8965 4523 5997 4745 2749 9580 2876 9770 7460 2332 2765 3235 3724 4213 4706 5193 5709 6206 6683 7170 7675 8179 8676 9171 9651
25 4483 54 184 357 571 841 1161 1524 1917 2333 2766 3236 3725 4214 4707 5194 5710 6209 6684 7171 7677 8181 8677 9173 9652
25 1178 2981 5593 8200 3911 5408 6964 4671 2038 2335 2768 3237 3726 4215 4708 5195 5711 6211 6685 7172 7679 8182 8678 9174 9653
25 364 807 7904 358 572 842 1162 1525 1918 2336 2770 3238 3727 4216 4709 5196 5712 6212 6688 7173 7680 8183 8680 9175 9654
25 4138 1713 185 359 573 843 1163 1527 1920 2337 2771 3239 3728 4217 4710 5199 5713 6213 6689 7174 7682 8185 8681 9176 9655
25 8553 437 186 360 574 844 1164 1528 1921 2338 2772 3240 3731 4218 4711 5200 5714 6215 6690 7175 7683 8186 8682 9177 9656
25 7109 211 3311 1285 7892 8152 4599 7733 7615 4338 2773 3241 3732 4219 4712 5201 5715 6216 6691 7176 7685 8187 8686 9179 9657
25 3147 8245 9055 3515 2376 5035 5631 6721 2363 2339 2774 3242 3734 4221 4713 5203 5716 6217 6694 7177 7686 8188 8687 9180 9658
25 563 8290 723 6184 8279 1645 2287 8276 1924 2340 2775 3243 3735 4222 4714 5204 5717 6218 6695 7178 7687 8189 8688 9181 9659
25 3291 1421 5103 7734 9221 1219 9147 5895 7472 2341 2776 3244 3736 4223 4715 5205 5719 6219 6696 7179 7689 8190 8689 9182 9660
25 2887 55 187 361 575 845 1165 1530 1925 2342 2777 3245 3738 4224 4718 5206 5720 6220 6697 7180 7690 8191 8690 9183 9662
25 1319 486 1652 9024 5726 2909 1166 1531 1926 2344 2778 3247 3740 4225 4719 5207 5721 6222 6698 7183 7691 8193 8691 9184 9664
25 1192 2812 3337 6087 6010 2055 1167 1532 1927 2345 2779 3248 3741 4226 4720 5208 5722 6223 6699 7184 7692 8194 8692 9185 9665
25 9349 1442 562 5461 1385 3301 7168 3427 8558 2348 2780 3249 3742 4227 4721 5209 5723 6224 6700 7185 7693 8197 8693 9187 9666
25 9954 2593 9099 7100 3820 4189 1168 1534 1928 2349 2781 3250 3743 4228 4722 5210 5724 6225 6701 7186 7694 8198 8694 9188 9669
25 4520 379 2155 4950 9760 4735 7842 4298 5659 6444 7441 8684 3744 4229 4723 5211 5725 6227 6702 7187 7695 8202 8695 9189 9670
25 6321 1821 2269 7997 784 846 1169 1535 1929 2350 2782 3251 3746 4231 4724 5212 5727 6228 6703 7188 7697 8203 8696 9190 9671
25 7760 722 188 362 579 847 1170 1537 1930 2351 2783 3253 3747 4232 4725 5213 5728 6230 6704 7189 7698 8204 8697 9191 9672
25 7444 7153 6174 8356 5098 7395 1962 9829 1932 2352 2784 3255 3748 4233 4726 5214 5729 6231 6705 7190 7699 8205 8698 9192 9673
25 9359 56 189 363 580 848 1171 1538 1933 2354 2785 3257 3750 4234 4727 5216 5730 6232 6706 7191 7701 8206 8699 9193 9675
25 6039 6855 3659 673 2849 944 6788 2698 8221 4133 8226 3258 3752 4235 4728 5217 5732 6233 6707 7192 7702 8207 8700 9194 9676
25 9824 57 190 365 581 849 1172 1539 1934 2355 2787 3260 3753 4236 4729 5218 5734 6234 6708 7193 7703 8208 8701 9195 9678
25 3341 9600 191 366 582 850 1173 1540 1936 2356 2788 3261 3754 4237 4730 5219 5735 6235 6709 7194 7704 8209 8703 9196 9679
25 6031 1206 6197 5733 6264 2131 1772 3898 5095 7402 3819 3684 5505 9721 4731 5220 5736 6236 6710 7195 7705 8210 8705 9197 9680
25 1140 5296 7105 369 583 851 1174 1541 1937 2357 2789 3262 3756 4238 4733 5221 5737 6237 6711 7197 7706 8211 8706 9198 9681
25 3362 7534 5705 5763 6494 8669 1175 1543 1938 2358 2790 3263 3757 4239 4734 5222 5738 6239 6712 7198 7707 8212 8707 9199 9682
25 4941 58 192 370 585 852 1176 1544 1941 2360 2791 3264 3758 4240 4737 5224 5739 6240 6713 7199 7708 8213 8708 9200 9683
25 3861 59 193 371 586 853 1177 1547 1942 2361 2792 3266 3759 4241 4738 5227 5740 6241 6714 7200 7709 8214 8709 9201 9684
25 7522 60 194 372 587 855 1179 1550 1943 2362 2793 3267 3761 4244 4739 5228 5741 6242 6716 7201 7710 8217 8710 9202 9685
25 3936 9021 1548 1360 7606 8685 9977 6955 8923 2364 2794 3268 3763 4245 4740 5231 5743 6243 6718 7202 7712 8218 8712 9203 9686
25 9550 5245 6692 3179 9206 7989 1919 9365 2638 4158 8022 3269 3764 4246 4741 5232 5744 6244 6719 7203 7714 8219 8713 9204 9687
25 7122 2463 9909 373 588 856 1180 1551 1944 2365 2796 3270 3765 4247 4742 5233 5746 6245 6720 7205 7715 8220 8714 9205 9688
25 1563 3986 5223 7577 1390 3791 1982 5877 1946 2366 2797 3271 3768 4248 4743 5234 5747 6246 6722 7207 7717 8223 8715 9207 9689
25 5226 61 195 374 591 857 1181 1553 1947 2367 2798 3273 3769 4249 4744 5235 5748 6247 6723 7208 7718 8224 8716 9208 9691
25 4467 9732 8870 4766 592 858 1182 1554 1948 2368 2799 3274 3770 4250 4746 5236 5751 6248 6724 7209 7719 8225 8718 9209 9692
25 6090 1559 196 375 593 859 1183 1556 1950 2369 2800 3275 3772 4251 4747 5237 5752 6249 6726 7210 7720 8228 8720 9210 9694
25 1344 62 197 376 595 860 1184 1557 1951 2370 2801 3276 3773 4253 4748 5238 5753 6250 6727 7211 7721 8229 8721 9211 9695
25 3827 4778 198 377 596 861 1185 1560 1952 2371 2802 3278 3775 4254 4749 5239 5755 6251 6728 7212 7724 8230 8723 9212 9696
25 5886 63 199 378 597 862 1186 1561 1954 2372 2803 3279 3776 4256 4750 5240 5756 6253 6729 7213 7725 8231 8724 9213 9697
25 9186 3635 5986 6588 1616 1953 2347 8490 8222 5459 2804 3280 3777 4257 4752 5241 5757 6254 6730 7216 7726 8232 8725 9214 9698
25 2866 9048 1216 2499 598 863 1187 1564 1955 2374 2805 3281 3778 4258 4753 5242 5758 6255 6731 7217 7727 8233 8728 9215 9699
25 6912 5498 6551 7902 7233 5750 7053 8124 2953 3289 8002 3282 3779 4259 4754 5243 5759 6256 6732 7219 7728 8234 8729 9216 9700
25 3578 6208 6462 8507 3452 5544 1878 9794 2677 2375 2807 3283 3780 4260 4756 5246 5760 6257 6733 7220 7729 8236 8731 9217 9701
25 4736 1064 200 380 599 864 1188 1565 1957 2377 2808 3284 3781 4262 4757 5247 5761 6258 6734 7221 7730 8237 8732 9218 9703
25 1399 8119 201 381 600 865 1189 1566 1959 2378 2809 3285 3782 4263 4758 5248 5762 6259 6735 7222 7731 8240 8733 9219 9704
25 3381 2977 8702 5754 8663 1495 4600 4542 6761 2379 2810 3287 3783 4264 4759 5249 5764 6260 6736 7223 7732 8241 8734 9220 9705
25 9249 3755 202 382 601 866 1191 1567 1960 2380 2814 3290 3784 4265 4760 5250 5765 6261 6737 7224 7735 8242 8735 9222 9706
25 5371 8815 5365 4568 2786 1558 1193 1568 1963 2381 2815 3292 3786 4266 4761 5251 5766 6262 6738 7225 7736 8243 8736 9223 9707
25 3608 9636 3440 1405 2500 8552 4962 2294 9940 8377 2817 3293 3787 4267 4763 5252 5767 6263 6739 7226 7737 8246 8737 9224 9709
25 1381 4559 6914 3959 7450 7568 6492 1569 1964 2382 2820 3294 3788 4270 4764 5253 5768 6265 6740 7229 7738 8247 8739 9225 9710
25 4417 64 203 383 602 868 1195 1570 1965 2383 2821 3295 3789 4271 4765 5255 5769 6266 6741 7230 7739 8248 8741 9226 9711
25 8727 65 205 385 603 870 1196 1571 1966 2385 2822 3296 3790 4272 4767 5256 5770 6267 6742 7231 7740 8249 8742 9227 9712
25 1874 6129 1666 1408 7986 871 1197 1573 1967 2386 2823 3299 3793 4273 4769 5257 5771 6268 6743 7232 7741 8250 8743 9228 9713
25 9803 66 206 386 604 874 1198 1574 1968 2387 2825 3300 3794 4274 4770 5258 5772 6269 6746 7234 7742 8252 8744 9229 9714
25 7613 5646 207 387 606 875 1199 1577 1969 2388 2826 3302 3795 4276 4771 5259 5773 6270 6747 7235 7743 8254 8745 9230 9715
25 1778 9754 9919 8906 7966 1367 3624 3965 4554 5652 2827 3303 3796 4278 4772 5260 5774 6271 6748 7236 7744 8255 8746 9233 9716
25 1626 7713 913 390 607 876 1200 1578 1970 2389 2828 3304 3797 4279 4773 5261 5775 6272 6749 7237 7745 8256 8747 9234 9717
25 8192 2678 7356 5873 1157 2940 1201 1579 1971 2390 2829 3306 3798 4280 4774 5262 5776 6273 6750 7238 7746 8257 8748 9235 9718
25 5979 4337 4332 391 608 877 1202 1580 1974 2391 2831 3307 3799 4281 4775 5263 5777 6274 6751 7240 7747 8258 8749 9236 9719
25 5478 4492 208 392 609 878 1203 1581 1975 2392 2832 3308 3800 4282 4776 5264 5778 6275 6752 7241 7748 8259 8750 9237 9720
25 8968 4465 7337 7566 6127 880 1205 1582 1976 2393 2833 3309 3801 4283 4777 5265 5779 6276 6754 7242 7749 8260 8751 9238 9722
25 4011 388 7476 6193 1663 8365 5179 1583 1978 2394 2834 3313 3802 4285 4780 5266 5781 6277 6755 7243 7750 8261 8754 9239 9724
25 2951 67 209 393 610 882 1209 1584 1979 2395 2835 3314 3803 4286 4781 5267 5782 6279 6756 7244 7751 8262 8755 9240 9725
25 5441 5230 210 394 611 883 1210 1585 1980 2396 2837 3315 3804 4287 4782 5268 5783 6280 6757 7245 7752 8263 8756 9241 9727
25 4528 594 6384 4553 1576 2457 2253 1587 1981 2397 2838 3316 3806 4288 4783 5270 5785 6281 6758 7246 7753 8264 8757 9242 9728
25 7482 68 212 395 612 885 1211 1588 1983 2398 2839 3317 3807 4289 4784 5271 5786 6282 6759 7247 7754 8266 8759 9244 9729
25 641 5597 1288 396 614 886 1212 1589 1984 2399 2841 3318 3808 4290 4785 5273 5787 6283 6760 7248 7755 8267 8760 9245 9730
25 6591 1131 8572 706 976 887 1213 1590 1985 2400 2842 3319 3810 4291 4786 5274 5788 6284 6763 7249 7756 8268 8761 9246 9731
25 9418 3926 4145 6278 615 888 1214 1591 1986 2401 2846 3320 3811 4293 4787 5275 5789 6286 6764 7250 7757 8269 8763 9247 9733
25 180 69 213 397 616 889 1215 1592 1987 2402 2850 3323 3812 4294 4788 5276 5790 6287 6765 7253 7758 8270 8764 9248 9734
25 872 5141 7863 1095 9484 5828 1217 1593 1988 2403 2852 3325 3813 4295 4789 5277 5791 6289 6766 7254 7759 8271 8765 9254 9735
25 9925 4810 1722 6302 617 890 1218 1595 1989 2404 2854 3326 3814 4297 4790 5278 5792 6290 6767 7255 7761 8272 8766 9255 9737
25 923 7641 214 398 618 891 1220 1596 1990 2406 2855 3327 3815 4299 4791 5279 5793 6292 6768 7256 7762 8273 8767 9256 9738
25 5649 2171 9897 732 5560 8015 3171 7358 4252 6518 7496 9931 3816 4300 4792 5280 5794 6293 6770 7257 7763 8274 8768 9257 9739
25 7773 70 215 399 619 892 1221 1597 1992 2407 2856 3328 3817 4302 4794 5282 5795 6294 6771 7258 7764 8275 8769 9260 9741
25 9763 4580 8019 5456 8171 893 1222 1598 1993 2409 2857 3329 3818 4303 4797 5283 5796 6295 6772 7259 7765 8277 8770 9261 9742
25 6143 71 216 400 620 894 1223 1599 1994 2410 2859 3331 3821 4304 4798 5284 5797 6296 6773 7260 7766 8280 8772 9262 9743
25 3709 1356 8046 401 621 895 1224 1600 1995 2413 2860 3332 3822 4306 4799 5285 5798 6297 6774 7261 7768 8281 8774 9263 9744
25 1803 408 984 4538 622 896 1226 1601 1996 2414 2861 3333 3823 4307 4800 5286 5799 6298 6776 7262 7769 8282 8775 9264 9745
25 7453 8975 3206 1935 9380 897 1227 1602 1997 2415 2863 3334 3825 4309 4801 5287 5800 6299 6777 7263 7770 8283 8776 9265 9746
25 1246 6397 1279 7409 3140 6917 8304 1603 1999 2416 2864 3335 3826 4312 4802 5288 5801 6300 6778 7265 7772 8284 8777 9266 9747
25 1027 2502 7290 5030 2408 899 1228 1604 2000 2417 2865 3336 3828 4313 4803 5289 5802 6301 6779 7266 7774 8285 8778 9267 9748
25 1022 72 217 402 623 900 1229 1605 2001 2419 2867 3338 3829 4314 4804 5290 5803 6303 6780 7267 7775 8286 8779 9268 9751
25 5513 644 1653 403 624 901 1231 1606 2004 2420 2868 3339 3830 4315 4805 5291 5804 6304 6781 7268 7776 8287 8781 9269 9752
25 3696 9109 5491 3805 7125 2811 3652 8078 6330 7954 5937 3713 3832 4316 4806 5292 5805 6305 6782 7269 7777 8288 8782 9270 9753
25 3870 73 219 404 625 902 1232 1607 2005 2421 2869 3340 3833 4318 4807 5295 5806 6306 6783 7270 7778 8289 8783 9271 9755
25 1973 7854 6717 8581 8332 2202 1233 1608 2006 2422 2870 3342 3834 4322 4808 5297 5807 6307 6784 7271 7780 8291 8784 9272 9756
25 7061 74 220 405 626 903 1234 1609 2008 2423 2871 3343 3835 4323 4809 5298 5808 6308 6785 7272 7781 8292 8785 9273 9757
25 9515 75 221 406 627 904 1235 1611 2009 2424 2872 3344 3837 4324 4812 5299 5809 6309 6786 7273 7782 8293 8786 9274 9758
25 9693 76 222 407 628 905 1236 1612 2010 2425 2874 3345 3839 4326 4813 5300 5810 6310 6787 7274 7783 8294 8787 9275 9759
25 9377 5821 223 409 629 906 1237 1613 2011 2426 2875 3346 3840 4327 4814 5301 5812 6311 6789 7275 7785 8296 8789 9276 9761
25 23 7835 548 8526 1225 2848 8717 5784 2012 2427 2877 3348 3841 4328 4815 5302 5814 6312 6790 7276 7786 8297 8790 9277 9762
25 240 77 224 410 630 907 1238 1617 2013 2428 2878 3349 3842 4330 4816 5303 5815 6313 6791 7277 7787 8298 8791 9278 9765
25 310 576 962 3254 4886 909 1239 1618 2014 2429 2879 3350 3843 4331 4817 5304 5816 6314 6793 7278 7788 8300 8793 9280 9767
25 1555 78 225 411 632 910 1240 1619 2016 2431 2881 3351 3844 4334 4819 5305 5817 6315 6794 7279 7790 8301 8794 9282 9768
25 4420 3903 8618 412 633 911 1241 1620 2017 2432 2882 3352 3845 4335 4821 5306 5818 6316 6797 7282 7791 8302 8795 9283 9769
25 1002 1610 4820 2908 5842 2625 1242 1621 2018 2434 2883 3353 3846 4336 4822 5308 5820 6317 6798 7283 7792 8305 8796 9284 9771
25 2709 79 226 413 634 912 1243 1622 2019 2435 2884 3354 3847 4340 4824 5309 5822 6318 6799 7285 7793 8307 8797 9285 9772
25 7909 7844 5665 414 635 914 1244 1624 2020 2436 2885 3355 3849 4342 4825 5310 5823 6320 6800 7286 7794 8309 8798 9286 9773
25 6515 2308 2134 415 636 915 1245 1625 2021 2437 2886 3356 3850 4343 4826 5312 5824 6322 6801 7287 7796 8310 8799 9288 9774
25 3708 9985 584 6016 5571 2862 1247 1627 2022 2438 2888 3357 3851 4344 4827 5313 5826 6323 6802 7289 7797 8312 8800 9290 9775
25 5254 80 227 416 637 916 1248 1628 2023 2439 2889 3360 3852 4345 4828 5314 5827 6324 6803 7291 7798 8313 8801 9291 9777
25 3207 81 228 417 638 918 1250 1629 2024 2440 2890 3361 3854 4346 4830 5315 5829 6325 6804 7292 7799 8314 8803 9292 9778
25 1061 5325 4929 7281 6934 919 1251 1630 2026 2441 2891 3363 3855 4347 4831 5318 5831 6326 6805 7293 7800 8315 8804 9293 9779
25 7809 3330 8424 2873 8861 8971 1252 1631 2027 2442 2892 3364 3856 4349 4832 5319 5832 6327 6806 7294 7801 8316 8805 9294 9780
25 1785 2654 6501 3902 3617 1425 1253 1632 2028 2444 2893 3366 3858 4350 4833 5320 5833 6328 6807 7296 7802 8317 8806 9295 9781
25 7684 8886 5084 7252 639 920 1255 1633 2029 2446 2894 3368 3859 4351 4834 5321 5834 6329 6808 7297 7803 8318 8807 9296 9783
25 7015 1087 1662 419 640 921 1256 1634 2030 2447 2895 3369 3860 4353 4835 5322 5835 6331 6809 7298 7805 8320 8810 9297 9784
25 3824 4022 230 420 642 922 1257 1635 2031 2449 2896 3370 3862 4355 4837 5323 5837 6332 6810 7299 7806 8322 8811 9298 9785
25 8578 5382 9862 1021 2840 5244 1258 1636 2032 2450 2897 3371 3863 4356 4839 5324 5838 6333 6811 7301 7807 8323 8812 9299 9786
25 666 7097 3198 5176 7378 4540 7310 5811 3478 2451 2898 3372 3865 4357 4840 5328 5839 6334 6812 7302 7808 8324 8813 9300 9787
25 9740 3324 231 421 643 924 1259 1637 2033 2452 2899 3373 3866 4358 4842 5329 5840 6335 6813 7303 7810 8325 8814 9301 9788
25 2445 8825 232 422 645 925 1260 1638 2034 2453 2900 3374 3867 4359 4843 5330 5841 6336 6814 7305 7811 8327 8816 9302 9789
25 2099 251 5467 9796 5718 926 1261 1639 2036 2454 2901 3375 3868 4360 4845 5333 5843 6337 6815 7306 7812 8328 8817 9303 9790
25 1922 3298 8885 7338 4116 9918 1263 1640 2037 2455 2902 3376 3869 4362 4846 5334 5844 6338 6816 7307 7814 8329 8820 9305 9791
25 7506 6911 4054 8898 8802 927 1264 1642 2039 2456 2903 3377 3871 4363 4847 5335 5845 6340 6817 7308 7815 8333 8821 9306 9792
25 4070 8929 5072 9454 7851 7795 1265 1643 2040 2458 2904 3379 3872 4365 4848 5336 5846 6341 6818 7309 7816 8334 8822 9307 9793
25 5444 1478 4339 5884 646 929 1266 1644 2041 2459 2906 3380 3873 4366 4849 5337 5847 6342 6820 7312 7818 8335 8823 9308 9795
25 1998 82 234 423 647 930 1267 1646 2042 2460 2907 3382 3874 4367 4850 5338 5848 6343 6821 7313 7819 8336 8826 9309 9797
25 3638 83 235 424 648 931 1268 1647 2043 2461 2910 3383 3875 4368 4851 5339 5849 6344 6822 7315 7821 8337 8827 9310 9799
25 4818 84 236 425 649 933 1269 1648 2044 2462 2911 3384 3876 4369 4852 5340 5850 6345 6823 7316 7822 8338 8828 9311 9800
25 4006 9258 1536 2961 5536 4210 8123 4501 3378 2464 2912 3385 3877 4370 4854 5341 5851 6346 6824 7317 7823 8339 8829 9313 9801
25 7362 5471 1207 426 650 934 1270 1649 2045 2465 2913 3386 3878 4371 4855 5342 5852 6347 6825 7318 7824 8340 8830 9314 9802
25 6520 7985 7115 1961 651 935 1271 1650 2046 2466 2914 3387 3879 4372 4857 5343 5853 6350 6826 7319 7825 8341 8831 9315 9804
25 9914 5883 7181 427 652 936 1272 1651 2048 2467 2915 3390 3880 4375 4858 5344 5854 6351 6827 7320 7826 8342 8832 9316 9805
25 7108 8373 7071 9126 5346 3256 8265 4364 9639 9243 2916 3391 3881 4376 4859 5345 5855 6352 6829 7321 7827 8343 8834 9317 9806
25 8711 2710 928 8064 2769 3305 8295 6941 8999 6145 5376 3392 3882 4377 4860 5347 5856 6353 6831 7322 7829 8346 8835 9318 9807
25 8758 8102 9232 2197 6938 6869 2993 9326 2563 2468 2917 3393 3885 4378 4861 5349 5860 6354 6832 7323 7830 8347 8836 9319 9808
25 3225 1562 237 428 653 937 1273 1654 2049 2469 2918 3394 3886 4379 4862 5350 5861 6356 6833 7324 7832 8348 8837 9320 9809
25 2015 7891 8239 4230 4936 5531 9259 5293 2050 2470 2919 3395 3888 4380 4863 5351 5862 6357 6835 7326 7833 8349 8838 9321 9810
25 3705 446 2521 429 655 938 1274 1655 2051 2471 2920 3396 3890 4381 4864 5352 5863 6358 6836 7327 7836 8350 8840 9322 9812
25 7678 85 238 430 656 939 1275 1656 2052 2472 2921 3397 3891 4382 4865 5353 5866 6359 6837 7328 7837 8351 8841 9323 9813
25 368 137 6495 2047 9279 3046 2138 2286 7008 5063 3120 7855 3892 4383 4866 5354 5867 6360 6838 7329 7838 8352 8842 9324 9814
25 7990 9840 9398 4983 657 940 1276 1657 2054 2473 2923 3398 3893 4384 4867 5355 5868 6361 6839 7330 7839 8353 8843 9325 9815
25 2297 7940 1945 1119 7368 4755 5830 3464 5961 2697 5370 3399 3894 4385 4869 5356 5869 6364 6840 7331 7840 8354 8844 9327 9816
25 1844 995 239 431 658 941 1277 1658 2056 2474 2924 3400 3895 4386 4870 5357 5870 6366 6841 7332 7841 8355 8845 9328 9817
25 8330 86 241 432 659 942 1278 1660 2057 2475 2925 3401 3896 4387 4871 5358 5871 6367 6842 7333 7843 8357 8846 9329 9818
25 7655 9525 242 433 660 945 1280 1661 2058 2476 2927 3402 3897 4388 4872 5359 5872 6368 6843 7334 7845 8358 8847 9330 9819
25 1208 3145 7671 3718 5676 2276 5538 9250 2059 2477 2928 3403 3899 4389 4873 5360 5874 6369 6844 7335 7846 8359 8848 9332 9820
25 7147 5147 1594 8607 661 946 1281 1664 2060 2478 2929 3404 3900 4391 4874 5361 5875 6370 6845 7336 7847 8360 8849 9333 9821
25 2007 165 7964 2671 662 947 1282 1665 2061 2479 2930 3405 3901 4392 4875 5362 5876 6371 6846 7339 7848 8361 8850 9334 9822
25 6018 87 243 434 663 949 1283 1667 2062 2480 2931 3406 3904 4393 4876 5363 5878 6372 6847 7340 7849 8362 8851 9335 9823
25 9360 88 244 435 665 950 1286 1668 2063 2481 2932 3408 3906 4394 4877 5366 5879 6374 6848 7341 7850 8364 8852 9337 9825
25 3086 1736 6154 7676 9145 6693 6487 1677 9178 2659 2933 3409 3907 4396 4878 5367 5880 6375 6849 7342 7852 8366 8853 9338 9826
25 9489 9231 5197 1526 9095 8556 2321 1669 2064 2482 2934 3410 3908 4397 4879 5368 5881 6376 6850 7343 7853 8367 8854 9339 9828
25 6238 454 3737 436 667 951 1287 1671 2065 2483 2935 3411 3909 4398 4880 5369 5882 6378 6851 7344 7856 8368 8855 9340 9830
25 7464 4419 8251 3504 2806 6993 5588 1672 2066 2484 2937 3412 3910 4400 4881 5372 5885 6379 6852 7345 7857 8369 8856 9341 9832
25 8788 3312 3848 5144 9058 952 1290 1673 2067 2485 2938 3414 3912 4402 4882 5373 5887 6380 6854 7350 7858 8370 8857 9342 9833
25 5969 2615 1107 438 668 953 1291 1674 2068 2487 2941 3415 3913 4403 4884 5374 5888 6381 6856 7351 7860 8371 8858 9343 9835
25 2620 90 245 439 669 954 1292 1675 2071 2488 2942 3416 3914 4404 4885 5375 5889 6383 6857 7352 7861 8372 8859 9344 9836
25 1018 91 246 440 670 955 1294 1676 2072 2489 2943 3417 3915 4405 4888 5378 5890 6385 6858 7353 7864 8374 8863 9345 9837
25 1956 7068 5348 1254 671 956 1295 1678 2073 2490 2945 3418 3916 4406 4889 5379 5892 6386 6859 7357 7865 8375 8864 9347 9838
25 9251 1789 3265 5637 5127 1426 1296 1679 2074 2493 2946 3419 3917 4407 4890 5380 5893 6387 6860 7359 7866 8376 8865 9348 9839
25 2486 8278 7042 9677 7405 957 1297 1681 2075 2494 2947 3420 3918 4408 4891 5381 5894 6388 6861 7360 7867 8378 8867 9350 9841
25 766 92 247 441 672 958 1299 1683 2076 2495 2948 3421 3919 4409 4892 5383 5897 6389 6862 7361 7868 8379 8868 9351 9842
25 6745 4255 7214 8080 8704 7001 9876 2623 3107 2496 2949 3422 3920 4410 4893 5384 5898 6391 6863 7363 7869 8380 8869 9352 9843
25 1529 884 8423 9990 770 4399 1300 1684 2077 2497 2950 3423 3921 4413 4894 5385 5899 6392 6864 7364 7870 8381 8871 9353 9844
25 6403 5307 1721 2254 8860 2922 9097 3413 2078 2498 2952 3424 3922 4414 4895 5386 5901 6393 6865 7365 7871 8382 8872 9354 9845
25 3230 2237 5463 9533 7069 1829 7349 1685 2079 2501 2954 3425 3923 4415 4896 5387 5902 6394 6866 7366 7872 8383 8873 9355 9846
25 7913 1040 4944 2433 1882 7711 7624 4005 4320 8235 2955 3426 3924 4416 4897 5388 5904 6395 6867 7367 7873 8385 8874 9356 9847
25 4604 93 248 442 674 959 1301 1686 2080 2503 2956 3428 3925 4418 4899 5389 5905 6396 6868 7369 7874 8386 8875 9357 9849
25 8184 6647 558 2858 5229 3595 2091 9253 8087 8808 5390 3429 3927 4421 4900 5391 5906 6398 6870 7370 7875 8387 8876 9358 9850
25 2448 94 250 443 675 960 1302 1687 2081 2504 2957 3431 3928 4422 4902 5392 5907 6399 6871 7371 7876 8388 8877 9361 9851
25 9019 1416 2966 6348 5130 9117 4662 1688 2082 2505 2958 3432 3930 4423 4903 5393 5908 6400 6872 7372 7877 8389 8879 9362 9852
25 7779 5954 5474 8683 2334 6032 1303 1689 2083 2506 2959 3433 3932 4424 4904 5394 5909 6401 6873 7377 7879 8390 8880 9363 9853
25 7284 798 1744 5928 6661 3484 4925 4432 4013 2507 2960 3434 3933 4425 4905 5395 5911 6402 6874 7380 7880 8391 8881 9364 9855
25 5780 5950 1615 444 676 961 1304 1690 2084 2508 2962 3435 3934 4426 4906 5396 5912 6404 6875 7381 7881 8392 8882 9366 9856
25 7355 249 8752 1728 3076 1150 9472 1692 2085 2509 2963 3436 3935 4427 4907 5397 5913 6406 6876 7382 7882 8393 8883 9367 9857
25 89 95 252 445 677 963 1305 1693 2086 2510 2964 3437 3937 4428 4908 5398 5915 6407 6877 7384 7883 8394 8884 9368 9858
25 8571 9541 631 7215 4042 964 1307 1694 2087 2511 2965 3438 3938 4429 4909 5399 5916 6408 6878 7385 7884 8395 8887 9369 9859
25 1284 96 253 447 678 965 1308 1696 2088 2512 2967 3439 3939 4430 4910 5400 5917 6409 6880 7386 7885 8396 8888 9370 9860
25 5332 8679 7218 9501 2813 4296 1309 1697 2089 2513 2969 3441 3940 4431 4911 5401 5920 6410 6881 7387 7886 8398 8889 9371 9861
25 3614 6904 4061 8156 9674 1641 6853 2880 4922 2514 2970 3442 3941 4433 4912 5402 5921 6411 6882 7388 7887 8400 8892 9373 9863
25 7862 549 9997 8311 7623 8215 8106 1698 2092 2515 2971 3443 3942 4434 4913 5403 5922 6412 6883 7389 7888 8401 8894 9374 9865
25 4329 8809 5198 763 7017 966 1310 1699 2093 2516 2972 3444 3943 4435 4914 5405 5923 6413 6884 7390 7889 8403 8896 9375 9866
25 5281 8048 3069 448 679 967 1311 1700 2094 2517 2973 3445 3944 4436 4915 5406 5924 6414 6885 7392 7890 8404 8897 9376 9869
25 9913 8792 698 6006 6074 9591 5989 3447 6470 3687 8959 6569 3945 4437 4916 5407 5925 6415 6886 7394 7893 8405 8899 9378 9870
25 9044 3178 3023 2843 7530 1378 4319 1702 2095 2518 2974 3446 3946 4438 4917 5409 5927 6416 6887 7396 7894 8406 8900 9379 9871
25 4838 9848 9949 6795 1801 7696 1312 1703 2096 2519 2975 3448 3947 4439 4918 5411 5929 6417 6888 7397 7895 8407 8901 9381 9872
25 5553 8031 8299 2795 1659 5555 4961 4401 7487 2520 2976 3449 3948 4440 4919 5412 5930 6418 6890 7398 7896 8408 8902 9382 9873
25 1023 2191 7771 1035 3792 3884 2273 4348 2097 2522 2978 3450 3949 4441 4920 5413 5931 6419 6891 7399 7897 8409 8903 9383 9874
25 4644 9920 313 5684 6921 8866 6650 8321 5926 6390 2979 3451 3950 4442 4921 5415 5932 6420 6892 7400 7898 8410 8904 9384 9875
25 3367 97 254 449 680 968 1313 1704 2098 2523 2980 3453 3951 4443 4923 5416 5933 6421 6893 7401 7899 8411 8907 9385 9877
25 9449 9289 9708 1096 1940 1439 1691 1705 2100 2524 2982 3454 3952 4444 4924 5417 5934 6422 6894 7403 7900 8412 8909 9386 9879
25 8719 7599 8180 9966 4069 5294 3698 1707 2101 2525 2983 3455 3953 4445 4927 5418 5935 6423 6896 7404 7901 8413 8910 9388 9881
25 1695 1289 7354 6614 3503 3526 8839 3099 2223 2526 2984 3456 3954 4446 4930 5420 5936 6424 6897 7406 7903 8414 8911 9390 9882
25 5985 9642 255 450 681 969 1314 1708 2102 2527 2986 3457 3955 4447 4931 5421 5938 6425 6898 7407 7905 8415 8912 9391 9884
25 4321 98 256 451 682 970 1315 1709 2103 2529 2987 3459 3956 4448 4932 5422 5939 6426 6899 7410 7906 8416 8914 9393 9885
25 7432 99 257 452 683 971 1316 1710 2104 2531 2988 3460 3958 4449 4933 5423 5940 6427 6900 7411 7907 8417 8915 9394 9886
25 3288 100 258 453 684 972 1317 1711 2105 2532 2989 3461 3960 4451 4934 5424 5941 6428 6901 7412 7908 8418 8916 9395 9887
25 4949 101 259 455 685 973 1318 1712 2106 2533 2990 3462 3961 4452 4935 5425 5942 6429 6902 7413 7910 8419 8917 9397 9888
25 499 8326 4823 8331 3048 974 1320 1714 2107 2534 2991 3463 3962 4453 4937 5427 5943 6430 6903 7414 7911 8420 8918 9399 9889
25 943 2411 2926 456 686 975 1321 1715 2108 2535 2992 3466 3963 4454 4938 5428 5944 6431 6905 7415 7912 8421 8919 9400 9890
25 5067 102 260 457 687 977 1323 1716 2109 2536 2994 3467 3966 4455 4939 5429 5945 6432 6906 7416 7914 8425 8920 9401 9891
25 1105 6762 4242 4768 6104 1083 7983 8925 2110 2537 2995 3468 3967 4456 4940 5430 5946 6433 6907 7417 7915 8426 8921 9402 9892
25 4588 5589 6687 9467 8626 5364 5051 7123 5859 2538 2996 3469 3968 4457 4942 5432 5947 6435 6908 7418 7916 8427 8922 9403 9893
25 4048 9072 5525 3645 1298 7154 3571 3322 7589 8941 7681 3470 3969 4458 4943 5433 5948 6436 6909 7419 7917 8428 8924 9404 9894
25 5562 742 3113 6060 5575 979 1324 1717 2111 2539 2997 3471 3970 4459 4945 5434 5949 6437 6910 7420 7918 8429 8926 9405 9895
25 2265 103 261 458 688 980 1325 1718 2113 2540 2999 3472 3972 4460 4946 5435 5951 6438 6913 7421 7919 8431 8927 9406 9896
25 8422 5272 2090 459 689 981 1326 1719 2114 2542 3000 3473 3973 4461 4947 5436 5952 6439 6915 7422 7920 8432 8928 9407 9898
25 9864 7929 4480 7478 3703 7767 4127 9736 2115 2543 3001 3474 3974 4462 4948 5438 5955 6440 6916 7423 7921 8434 8930 9408 9899
25 4717 3027 8933 2025 8399 7644 3039 6187 9331 6559 3277 8196 3976 4463 4951 5440 5956 6442 6918 7424 7922 8435 8931 9409 9900
25 4317 8430 8862 2816 690 982 1328 1720 2116 2545 3002 3475 3977 4464 4952 5442 5957 6443 6919 7425 7923 8436 8932 9410 9901
25 7346 9462 8646 4341 8056 1905 9668 5607 4626 9970 3562 8738 8012 4466 4953 5445 5958 6445 6920 7427 7924 8437 8934 9411 9902
25 5573 5190 263 460 691 983 1329 1723 2117 2546 3003 3476 3978 4468 4954 5446 5959 6446 6922 7428 7925 8438 8935 9412 9903
25 8047 6285 6828 461 692 985 1330 1724 2118 2547 3004 3477 3979 4470 4955 5447 5960 6447 6923 7429 7926 8439 8936 9413 9904
25 8878 3739 9503 3137 2405 4762 5819 6124 2119 2548 3005 3479 3980 4472 4956 5448 5962 6448 6924 7430 7927 8440 8937 9414 9905
25 218 104 265 462 695 986 1331 1725 2120 2549 3006 3480 3981 4474 4957 5449 5963 6449 6925 7431 7928 8442 8938 9415 9906
25 2751 789 7146 3014 696 987 1332 1726 2121 2550 3007 3481 3982 4475 4958 5451 5964 6450 6926 7434 7931 8444 8939 9416 9907
25 2541 9528 8998 8948 2847 1701 9749 6539 2122 2551 3008 3482 3983 4477 4959 5452 5965 6451 6927 7435 7932 8445 8940 9417 9908
25 7075 7947 7669 7968 2251 2836 1333 1727 2123 2552 3009 3483 3984 4478 4960 5453 5966 6452 6928 7436 7933 8446 8942 9419 9911
25 5975 4191 8625 463 697 988 1335 1729 2124 2553 3010 3485 3987 4481 4963 5455 5967 6453 6929 7437 7934 8447 8943 9420 9912
25 262 418 9726 2819 3971 4178 5512 1730 2125 2554 3011 3486 3988 4482 4964 5457 5970 6454 6930 7438 7935 8448 8944 9421 9915
25 1190 105 266 464 699 989 1336 1732 2126 2555 3012 3487 3989 4484 4965 5458 5971 6455 6931 7439 7936 8449 8945 9422 9916
25 2177 6152 267 465 700 990 1337 1733 2127 2556 3013 3488 3990 4485 4966 5462 5972 6456 6932 7440 7937 8450 8946 9423 9917
25 311 6076 5426 1204 3723 2845 3286 1734 2128 2557 3015 3489 3991 4486 4967 5464 5973 6457 6936 7442 7938 8452 8947 9424 9922
25 7196 1949 5493 6015 831 8451 1446 8501 2129 2558 3016 3490 3992 4487 4969 5465 5974 6458 6937 7443 7939 8453 8950 9425 9923
25 4325 106 268 466 701 991 1338 1735 2132 2559 3017 3493 3993 4488 4970 5466 5976 6459 6939 7445 7941 8454 8951 9426 9924
25 8605 6226 3407 2326 1076 2238 1340 1737 2133 2560 3018 3494 3994 4489 4971 5468 5978 6460 6940 7446 7942 8455 8952 9427 9926
25 9910 107 269 467 702 992 1341 1738 2135 2561 3019 3495 3995 4490 4973 5469 5980 6461 6942 7447 7944 8456 8953 9428 9928
25 7379 3430 2201 5311 7300 2069 6769 5825 4243 2562 3021 3496 3996 4491 4974 5470 5981 6464 6943 7448 7945 8457 8954 9429 9929
25 9346 3552 312 664 5749 1858 9614 9993 2628 9766 3022 3497 3997 4493 4975 5472 5984 6465 6944 7449 7946 8458 8955 9431 9930
25 4352 5377 5326 6131 9960 7152 5661 3745 4695 2564 3024 3498 3998 4494 4976 5473 5987 6466 6945 7451 7949 8459 8956 9432 9932
25 39 816 2703 6988 4220 6889 1342 1739 2136 2565 3025 3499 3999 4495 4977 5475 5990 6467 6946 7452 7950 8460 8957 9433 9933
25 4450 4811 8141 4716 9088 3711 1343 1740 2137 2566 3026 3500 4000 4496 4979 5476 5992 6468 6947 7454 7951 8461 8958 9434 9934
25 1143 8780 1484 7834 1262 9834 5404 1741 2140 2567 3029 3501 4001 4497 4980 5477 5993 6469 6948 7455 7952 8462 8960 9435 9935
25 9451 6349 1931 5454 703 993 1345 1742 2141 2568 3030 3502 4002 4498 4981 5479 5994 6471 6949 7456 7953 8463 8961 9437 9936
25 3088 4177 8908 468 704 994 1346 1743 2142 2569 3031 3506 4003 4499 4984 5481 5995 6472 6950 7457 7955 8464 8962 9438 9937
25 3193 867 7408 4144 2443 4333 3676 4197 2530 7820 3032 3509 4004 4502 4985 5482 5996 6473 6951 7459 7956 8465 8963 9440 9939
25 9509 367 3631 3043 1507 996 1347 1745 2143 2570 3033 3510 4007 4503 4986 5483 5998 6474 6952 7461 7957 8466 8964 9441 9941
25 8000 108 270 469 705 997 1348 1746 2144 2571 3034 3511 4008 4504 4987 5484 5999 6475 6953 7462 7958 8467 8966 9442 9942
25 6744 693 4928 2936 6221 7133 1349 1747 2146 2572 3036 3512 4009 4505 4988 5485 6000 6476 6954 7463 7959 8468 8970 9443 9943
25 174 1751 6792 5269 707 998 1350 1748 2147 2574 3037 3513 4010 4506 4989 5486 6001 6478 6956 7465 7960 8469 8972 9444 9944
25 7458 109 271 470 708 999 1351 1749 2148 2575 3038 3514 4012 4507 4990 5487 6002 6479 6957 7466 7961 8470 8973 9445 9945
25 233 8077 3465 1071 4856 4612 2219 5431 2300 5225 7374 5149 4014 4509 4991 5488 6003 6480 6961 7467 7962 8471 8974 9446 9946
25 5317 6725 5900 2070 709 1001 1352 1750 2149 2576 3040 3518 4015 4510 4992 5489 6004 6481 6962 7469 7963 8472 8976 9447 9947
25 7383 8913 9883 879 1020 1230 1353 1752 2150 2577 3041 3519 4016 4511 4993 5490 6005 6482 6963 7470 7965 8473 8977 9448 9948
25 2343 4072 4395 2676 3184 5644 4284 5688 8363 8503 3042 3520 4017 4512 4994 5494 6007 6483 6965 7471 7967 8474 8978 9450 9950
25 5742 3536 3730 471 710 1003 1354 1753 2151 2578 3044 3521 4018 4513 4995 5495 6008 6484 6966 7473 7969 8475 8979 9452 9951
25 9702 9105 577 3020 932 4118 9831 8508 8238 2580 3045 3522 4019 4514 4997 5496 6009 6485 6967 7474 7970 8476 8980 9453 9952
25 1194 6630 9880 8115 5896 5563 3630 2830 2853 2581 3047 3524 4020 4515 4999 5497 6012 6486 6968 7475 7971 8477 8981 9455 9953
25 613 9798 4084 3864 4844 3259 7509 1754 2152 2582 3049 3525 4021 4516 5000 5499 6013 6488 6969 7477 7973 8479 8983 9456 9955
25 6610 3964 8478 9034 5108 4374 1355 1755 2153 2583 3050 3527 4024 4517 5001 5500 6014 6489 6970 7479 7974 8480 8984 9457 9956
25 5679 2767 3492 8666 7673 4978 5647 1756 2154 2584 3051 3528 4025 4518 5002 5501 6017 6490 6971 7480 7975 8481 8985 9458 9957
25 8111 3516 8622 9439 762 1004 1357 1757 2156 2585 3052 3529 4026 4519 5004 5502 6019 6491 6972 7481 7976 8482 8986 9460 9958
25 6548 8441 1249 2035 3975 7393 1358 1759 2157 2586 3053 3530 4028 4521 5005 5503 6020 6493 6973 7484 7977 8483 8987 9461 9959
25 8070 3229 7204 3762 711 1005 1359 1760 2158 2587 3054 3531 4029 4522 5006 5504 6021 6496 6974 7485 7978 8484 8988 9463 9961
25 2693 1435 917 7649 1682 7228 1361 1761 2159 2589 3055 3532 4030 4524 5007 5507 6022 6497 6975 7486 7979 8485 8989 9464 9962
25 2669 110 272 472 712 1006 1362 1762 2160 2590 3056 3533 4031 4525 5008 5508 6023 6498 6976 7488 7980 8486 8990 9465 9963
25 3252 5138 3505 7996 5836 1007 1363 1763 2161 2592 3057 3534 4032 4526 5009 5509 6024 6500 6977 7490 7981 8487 8991 9466 9964
25 3508 7930 3599 1306 9123 3158 1364 1764 2162 2594 3058 3535 4033 4527 5010 5510 6025 6502 6978 7492 7982 8488 8992 9468 9965
25 9049 4275 3586 4473 3569 1008 1365 1765 2163 2595 3059 3537 4034 4529 5011 5511 6026 6503 6979 7493 7984 8489 8993 9469 9967
25 1546 111 273 473 713 1009 1366 1766 2164 2596 3060 3538 4035 4531 5012 5514 6027 6504 6980 7494 7987 8491 8995 9470 9968
25 8606 3204 5857 474 714 1010 1368 1767 2165 2597 3061 3540 4036 4532 5013 5515 6028 6505 6981 7495 7988 8492 8996 9471 9969
25 8994 112 274 475 715 1011 1369 1768 2166 2598 3062 3541 4037 4533 5014 5516 6029 6506 6982 7497 7991 8493 8997 9473 9972
25 1776 5858 9130 1977 3785 8771 8818 2985 5918 9644 8891 6624 4592 4534 5015 5517 6030 6508 6983 7498 7993 8494 9000 9474 9973
25 1433 9392 2002 6819 3985 1012 1370 1769 2167 2599 3063 3542 4038 4535 5016 5518 6033 6510 6984 7499 7994 8495 9001 9475 9974
25 5437 8500 8054 4041 716 1013 1371 1770 2168 2600 3064 3543 4039 4536 5017 5519 6034 6511 6985 7500 7995 8496 9002 9476 9975
25 3729 589 2588 7700 717 1014 1372 1771 2169 2601 3065 3544 4040 4537 5018 5520 6035 6512 6986 7501 7998 8497 9003 9477 9976
25 6382 7491 4530 5910 2689 3889 6136 2704 8036 2602 3066 3545 4043 4539 5019 5521 6036 6513 6987 7502 7999 8498 9004 9478 9978
25 5864 5419 8050 7011 748 9396 9430 1773 2170 2603 3067 3546 4044 4541 5021 5522 6037 6516 6989 7503 8001 8499 9006 9479 9979
25 264 4174 4292 5460 718 1016 1373 1774 2172 2604 3068 3547 4045 4543 5022 5523 6038 6519 6990 7504 8003 8502 9007 9480 9980
25 3694 8819 5146 4732 4982 9336 7831 6477 8147 8543 3070 3548 4046 4544 5023 5524 6040 6522 6991 7505 8004 8504 9008 9481 9981
25 605 1849 5492 5506 756 6958 7590 6632 4077 2605 3071 3549 4047 4545 5024 5526 6041 6523 6992 7507 8005 8505 9009 9482 9982
25 854 6200 4135 9867 6056 8969 9782 9389 6291 4968 3072 3550 4049 4546 5025 5527 6042 6524 6996 7508 8006 8506 9010 9485 9983
25 6072 9567 3957 9573 9938 1017 1375 1775 2173 2607 3073 3551 4050 4547 5026 5528 6043 6525 6997 7511 8007 8509 9011 9486 9984
25 3163 5953 9690 9776 1972 1019 1377 1777 2174 2608 3074 3553 4051 4548 5027 5529 6044 6526 6998 7512 8009 8510 9012 9487 9987
25 2112 5550 4551 5683 6214 1462 6355 5745 2175 2609 3075 3554 4053 4549 5028 5530 6045 6528 7000 7513 8010 8511 9013 9490 9988
25 7314 3365 5215 2003 9667 4508 1906 7426 5316 5669 5048 5547 4055 4550 5029 5532 6046 6529 7002 7514 8011 8512 9014 9491 9989
25 6207 8319 5003 477 720 1024 1379 1779 2178 2610 3077 3555 4056 4552 5031 5534 6047 6530 7003 7515 8013 8513 9015 9492 9991
25 7373 578 7648 5701 8833 8665 6796 7603 6373 6959 4479 5414 4308 5331 5032 5535 6048 6531 7004 7516 8014 8514 9016 9493 9992
25 2717 8028 8199 7722 7295 3838 5666 6715 7489 4095 3078 3556 4057 4555 5033 5537 6049 6532 7005 7517 8016 8515 9017 9494 9994
25 1459 8595 3766 5327 6405 6999 4091 3517 2179 2611 3079 3557 4058 4556 5034 5539 6050 6533 7006 7518 8017 8516 9018 9495 9995
25 8038 9169 2968 5977 5439 8949 1380 1780 2180 2612 3080 3558 4059 4558 5036 5540 6051 6534 7007 7520 8018 8517 9020 9496 9996
25 881 3831 4883 6210 2905 5020 1382 1781 2181 2613 3081 3561 4060 4560 5037 5541 6052 6535 7009 7521 8020 8518 9022 9497 9998
