29 2574 2923 5830 9757 1224 5841 7447 5172 1393 1601 2371 1657 2068 2549 3012 3488 3929 4389 4874 5352 5828 6343 6838 7318 7815 8297 8783 9254 9719
29 6002 8916 3531 4347 56 129 246 413 657 943 1269 1658 2069 2550 3013 3489 3932 4390 4876 5353 5829 6344 6839 7320 7816 8299 8785 9257 9720
29 7966 8694 1289 17 57 130 247 414 659 944 1271 1659 2070 2551 3016 3490 3933 4391 4878 5354 5831 6345 6840 7321 7819 8300 8786 9258 9721
29 1988 7189 4357 6248 503 2630 2349 415 660 945 1275 1660 2071 2552 3017 3491 3934 4392 4879 5355 5832 6346 6841 7323 7821 8302 8787 9259 9725
29 9696 3037 8388 7799 2881 9768 7021 416 661 947 1276 1661 2073 2553 3018 3492 3935 4393 4880 5356 5833 6347 6844 7324 7822 8303 8788 9260 9727
29 7309 8495 520 1773 8799 131 248 417 662 948 1277 1662 2074 2554 3019 3493 3937 4394 4882 5357 5834 6348 6845 7325 7823 8304 8789 9261 9728
29 6448 8401 9802 5193 58 132 249 418 663 949 1278 1663 2077 2555 3020 3494 3939 4395 4883 5359 5835 6349 6846 7327 7824 8308 8790 9262 9729
29 9177 2231 1634 8928 1484 1315 4690 6810 664 951 1280 1664 2078 2557 3022 3495 3941 4396 4884 5360 5837 6350 6847 7328 7825 8309 8791 9263 9730
29 567 329 8160 3943 8117 6203 4827 4940 8416 9452 1282 1666 2080 2558 3023 3498 3944 4398 4885 5362 5838 6351 6851 7329 7826 8310 8793 9264 9732
29 7109 8716 9828 3957 9330 9410 2528 2291 665 952 1283 1669 2081 2560 3025 3499 3945 4400 4886 5363 5839 6352 6852 7330 7827 8312 8794 9265 9733
29 6263 2651 4851 5158 2478 5650 3328 4237 5591 5527 8110 1670 2082 2562 3026 3500 3948 4402 4887 5364 5840 6353 6853 7331 7828 8313 8795 9266 9734
29 9055 6297 2159 1155 1943 4235 1508 4058 666 954 1286 1671 2085 2563 3027 3501 3949 4404 4888 5367 5842 6354 6854 7332 7829 8315 8796 9267 9735
29 3690 1937 5877 1791 8314 1154 250 420 667 955 1290 1673 2086 2564 3028 3502 3950 4405 4889 5368 5843 6359 6855 7333 7830 8316 8797 9268 9736
29 6875 4539 694 18 59 133 251 421 668 956 1291 1674 2087 2568 3029 3503 3951 4406 4891 5369 5846 6361 6857 7334 7831 8318 8798 9269 9737
29 6233 8808 4744 65 3901 6133 6625 4775 669 957 1292 1675 2089 2569 3031 3505 3953 4408 4892 5370 5847 6362 6858 7335 7832 8319 8800 9271 9738
29 6595 8354 4462 7073 4681 4905 9099 7631 5513 7478 1293 1676 2090 2570 3033 3506 3954 4409 4893 5371 5848 6363 6859 7336 7833 8320 8801 9272 9739
29 7258 6929 4135 4419 6121 5486 9438 422 670 958 1294 1677 2091 2573 3034 3507 3955 4410 4894 5373 5850 6364 6862 7337 7834 8321 8802 9273 9740
29 3193 4513 1778 6301 969 134 252 423 671 959 1296 1679 2096 2575 3035 3508 3960 4413 4896 5377 5852 6365 6863 7338 7835 8322 8803 9274 9742
29 933 5599 3274 1635 6479 135 254 424 672 961 1297 1680 2097 2576 3036 3509 3965 4414 4898 5378 5854 6366 6864 7339 7836 8323 8804 9275 9743
29 5924 3638 3729 7726 7921 8819 2661 3057 673 962 1300 1681 2098 2577 3039 3510 3966 4415 4900 5379 5855 6367 6866 7342 7838 8324 8807 9276 9745
29 7003 1008 4971 2282 8058 581 2308 6240 4437 963 1301 1683 2100 2578 3040 3511 3967 4420 4902 5380 5856 6368 6868 7343 7840 8325 8809 9278 9746
29 5173 6656 849 3595 60 138 255 426 674 964 1302 1686 2101 2579 3042 3512 3968 4421 4903 5382 5860 6369 6869 7345 7842 8326 8811 9279 9747
29 4219 7317 7466 9256 4842 5328 8951 5719 9881 5864 2571 6637 8363 2796 3043 3513 3972 4423 4904 5383 5861 6370 6870 7346 7844 8327 8812 9280 9749
29 6771 1184 3952 19 61 140 256 428 675 965 1304 1687 2102 2580 3044 3514 3973 4424 4906 5384 5862 6373 6871 7347 7845 8329 8813 9282 9750
29 6060 3048 5065 6090 62 141 257 429 676 967 1306 1688 2106 2583 3046 3515 3975 4425 4907 5385 5863 6374 6872 7349 7846 8330 8814 9283 9751
29 8580 3141 6408 8583 9544 8265 2681 430 678 968 1307 1689 2108 2584 3047 3516 3976 4426 4908 5387 5865 6375 6874 7350 7847 8331 8815 9284 9752
29 6710 9281 8223 4488 1973 6358 3349 4674 6564 6447 1308 1691 2110 2586 3049 3518 3977 4428 4909 5388 5866 6376 6876 7351 7848 8332 8817 9286 9753
29 6951 7808 8567 7106 6216 9697 258 431 679 970 1309 1692 2111 2588 3050 3519 3978 4429 4910 5389 5867 6378 6877 7352 7849 8334 8820 9287 9754
29 7877 4362 7281 5609 4422 7593 6663 8879 680 971 1310 1693 2112 2589 3051 3520 3981 4430 4911 5390 5868 6379 6878 7353 7851 8335 8821 9288 9755
29 9658 5018 1501 8451 1227 3583 8582 7654 1428 974 1311 1694 2113 2590 3052 3521 3982 4431 4914 5393 5869 6380 6879 7354 7853 8336 8822 9289 9756
29 5025 2398 2587 7049 7326 142 259 432 681 975 1312 1696 2114 2591 3053 3524 3983 4432 4917 5394 5871 6381 6880 7355 7855 8337 8823 9290 9758
29 4054 5358 3985 3540 7187 7341 3444 434 682 976 1314 1698 2115 2592 3054 3525 3984 4433 4918 5395 5872 6382 6882 7356 7859 8338 8824 9292 9759
29 5760 6399 3219 5548 7652 3232 260 435 683 978 1317 1699 2116 2593 3055 3528 3986 4434 4919 5396 5874 6383 6884 7358 7860 8339 8826 9294 9760
29 283 3227 4 20 64 143 261 436 684 979 1318 1700 2118 2595 3060 3532 3987 4435 4920 5397 5876 6384 6885 7359 7862 8340 8828 9295 9761
29 105 4517 6587 4915 2084 144 262 437 686 980 1319 1701 2120 2597 3061 3533 3988 4436 4921 5399 5878 6385 6886 7360 7863 8341 8829 9297 9762
29 6548 8484 2952 4821 6014 145 264 438 687 981 1320 1702 2121 2598 3063 3534 3989 4438 4922 5400 5879 6386 6888 7361 7864 8345 8831 9299 9764
29 8489 7204 3589 946 9941 1648 265 439 688 982 1321 1703 2122 2599 3065 3535 3990 4439 4924 5401 5880 6392 6889 7363 7865 8346 8833 9300 9769
29 4416 3218 2585 9296 2659 7417 266 440 689 983 1324 1704 2124 2600 3066 3537 3991 4440 4926 5403 5881 6393 6890 7366 7866 8347 8834 9301 9771
29 9874 1720 8181 8244 1891 2075 2532 4965 6673 985 1325 1706 2125 2601 3067 3538 3992 4441 4927 5404 5882 6394 6891 7367 7867 8348 8835 9302 9772
29 4613 2254 9600 21 66 146 269 441 690 986 1326 1707 2126 2602 3068 3539 3994 4442 4929 5405 5883 6395 6892 7369 7869 8349 8836 9303 9773
29 1230 2093 1446 2789 6269 5953 362 7194 691 988 1328 1708 2127 2603 3069 3541 3997 4443 4930 5406 5884 6396 6893 7370 7870 8350 8837 9304 9775
29 8734 6688 2879 4364 3504 4275 270 442 692 989 1329 1709 2128 2604 3070 3542 3998 4444 4931 5407 5886 6398 6894 7372 7871 8352 8838 9305 9776
29 6122 3143 2103 22 67 147 271 443 693 991 1330 1711 2129 2605 3075 3543 4000 4445 4932 5408 5887 6400 6895 7373 7872 8355 8840 9306 9777
29 1939 2501 1385 9422 6442 9969 845 444 695 992 1332 1712 2130 2606 3076 3544 4001 4446 4933 5409 5888 6402 6897 7374 7873 8356 8841 9308 9779
29 7850 2582 7796 23 68 148 272 445 698 993 1333 1713 2132 2607 3077 3545 4002 4447 4934 5411 5889 6403 6899 7375 7875 8357 8842 9309 9780
29 8036 4823 9396 1361 4518 869 8395 446 699 994 1334 1715 2133 2608 3078 3546 4003 4448 4935 5412 5890 6406 6900 7376 7876 8358 8843 9310 9781
29 819 9895 5 24 69 149 273 449 700 995 1335 1716 2136 2609 3079 3548 4004 4449 4937 5414 5891 6407 6902 7378 7878 8359 8844 9311 9785
29 7780 5780 8374 1864 8909 4962 274 452 701 996 1336 1717 2137 2610 3084 3550 4005 4450 4938 5415 5892 6409 6903 7379 7879 8362 8845 9312 9787
29 3056 634 6029 696 9343 9958 275 454 702 997 1338 1718 2138 2613 3085 3551 4006 4451 4939 5416 5894 6410 6904 7380 7880 8364 8848 9314 9789
29 3473 8715 6148 25 70 150 276 456 703 998 1339 1719 2139 2614 3086 3552 4008 4452 4941 5417 5895 6411 6905 7381 7881 8365 8849 9315 9790
29 450 1082 7646 3450 1975 9003 4586 7537 9991 999 1340 1723 2140 2615 3088 3553 4009 4453 4942 5419 5896 6412 6907 7382 7882 8366 8850 9317 9791
29 1322 7785 538 2131 7497 9686 2721 5261 9679 2059 3663 1725 2141 2617 3089 3556 4010 4454 4943 5420 5898 6414 6908 7383 7883 8368 8851 9318 9792
29 3483 3159 1596 3082 71 151 278 457 704 1000 1341 1726 2142 2619 3091 3557 4011 4455 4944 5421 5899 6416 6909 7384 7884 8369 8852 9319 9793
29 8678 3250 7954 7839 2494 8618 279 458 705 1002 1342 1729 2144 2621 3094 3558 4012 4456 4945 5422 5900 6418 6910 7385 7888 8370 8853 9322 9794
29 7920 6942 3071 5638 5517 152 280 459 706 1003 1343 1730 2145 2622 3095 3560 4013 4457 4946 5423 5901 6419 6911 7387 7889 8371 8854 9323 9795
29 4066 5675 7603 8938 5504 6009 543 7052 5985 4274 7553 3173 2146 2624 3096 3561 4015 4458 4948 5424 5902 6421 6912 7388 7891 8372 8855 9324 9796
29 4600 8392 7887 5885 72 153 281 460 708 1004 1344 1731 2147 2625 3097 3562 4016 4463 4949 5425 5903 6423 6913 7389 7892 8373 8856 9325 9798
29 8229 7029 9731 7474 2215 1268 3870 6639 709 1005 1347 1732 2148 2627 3099 3563 4017 4464 4951 5426 5904 6424 6914 7390 7893 8375 8857 9326 9800
29 3073 7551 1022 5712 9782 2007 4978 9918 710 1006 1348 1733 2150 2628 3100 3565 4018 4465 4952 5427 5905 6425 6915 7391 7894 8377 8858 9327 9801
29 9407 972 6176 263 1984 3823 2285 7644 7604 8516 7214 4820 2151 2629 3102 3566 4019 4466 4953 5428 5906 6426 6917 7392 7895 8378 8859 9328 9803
29 4737 9896 9313 8606 5466 4346 5734 8353 3633 8061 1349 1734 2152 2631 3103 3568 4020 4467 4955 5429 5908 6427 6918 7394 7896 8379 8860 9329 9804
29 6469 7874 6762 8585 6061 7718 5644 6371 712 1007 1351 1735 2153 2632 3105 3569 4021 4469 4957 5433 5909 6429 6919 7395 7897 8380 8861 9331 9806
29 7163 9216 5321 1443 1255 6390 5204 4881 713 1009 1352 1736 2154 2633 3108 3571 4023 4470 4958 5434 5911 6430 6922 7397 7898 8381 8862 9332 9808
29 6117 4082 9744 1957 6404 825 9354 8360 714 1010 1353 1737 2156 2635 3109 3572 4025 4471 4960 5435 5912 6431 6923 7398 7901 8383 8864 9333 9809
29 6677 8655 7340 118 5787 7934 3403 4605 715 1011 1354 1740 2158 2636 3110 3573 4027 4472 4966 5436 5914 6432 6924 7400 7902 8384 8865 9334 9810
29 8150 2485 1500 9023 8305 7843 7806 8887 716 1012 1356 1741 2160 2637 3113 3574 4028 4473 4967 5437 5916 6433 6925 7401 7904 8386 8866 9335 9811
29 8645 197 2357 3529 3021 419 282 461 718 1013 1357 1742 2161 2640 3114 3575 4030 4474 4968 5438 5917 6436 6927 7402 7905 8390 8867 9336 9813
29 1916 6576 63 26 73 154 284 462 719 1014 1358 1743 2162 2641 3117 3576 4031 4475 4969 5439 5919 6437 6928 7403 7906 8391 8868 9337 9814
29 7694 8718 9424 4750 2379 5773 1065 8515 7677 8487 6751 7970 2163 2642 3118 3577 4032 4476 4970 5441 5920 6438 6930 7404 7909 8393 8869 9338 9815
29 6224 2473 828 37 8712 8165 4461 9866 5418 1016 1359 1744 2167 2643 3119 3579 4033 4478 4972 5442 5923 6439 6931 7406 7910 8394 8870 9339 9816
29 5327 8107 1546 966 3857 5988 6271 463 720 1018 1360 1745 2168 2644 3121 3581 4034 4480 4974 5443 5925 6440 6933 7407 7912 8396 8871 9340 9817
29 5471 4354 8114 2451 74 155 285 464 721 1019 1362 1747 2169 2645 3122 3582 4035 4481 4975 5446 5927 6443 6934 7408 7913 8398 8872 9341 9818
29 2753 1379 1337 717 6181 4540 9873 1397 723 1020 1364 1748 2171 2646 3123 3584 4036 4482 4976 5448 5929 6444 6935 7409 7914 8399 8873 9342 9819
29 6428 6581 8333 1202 4698 1550 6217 2565 7997 1021 1365 1749 2172 2647 3124 3585 4038 4483 4982 5449 5931 6445 6936 7410 7915 8400 8874 9345 9820
29 186 6094 8774 3913 2288 156 286 465 724 1023 1368 1750 2174 2649 3125 3586 4039 4484 4983 5450 5932 6446 6937 7412 7916 8403 8875 9350 9821
29 7190 2779 4923 2901 3808 6835 287 468 725 1024 1370 1751 2176 2650 3126 3587 4040 4485 4984 5451 5933 6449 6938 7415 7918 8404 8876 9351 9822
29 6524 8194 4644 27 75 157 288 469 726 1025 1371 1752 2178 2652 3127 3590 4041 4486 4985 5452 5934 6450 6940 7416 7919 8405 8877 9352 9823
29 5875 5142 5132 8847 8367 8208 1041 3133 2856 4593 4877 7386 2776 2844 6169 3591 4042 4487 4986 5454 5935 6451 6941 7418 7922 8406 8878 9355 9824
29 9321 6262 2318 620 7076 2877 3732 506 8905 5589 2214 9535 5685 8522 3128 3592 4043 4489 4988 5455 5936 6452 6944 7419 7924 8407 8881 9356 9825
29 8620 4601 3961 7469 4209 9063 2336 5445 5091 8535 9208 2170 8174 8555 3129 3593 4044 4492 4989 5456 5938 6453 6945 7421 7927 8408 8882 9357 9826
29 9766 5430 2267 411 2507 158 289 471 729 1026 1372 1753 2179 2653 3130 3594 4045 4493 4990 5457 5939 6454 6946 7423 7928 8410 8883 9360 9830
29 1366 1090 826 1305 3962 7764 1345 9643 730 1028 1373 1754 2180 2654 3131 3596 4046 4494 4992 5458 5940 6456 6948 7425 7929 8411 8884 9361 9831
29 9890 3104 5197 5144 4231 8661 2173 4991 3736 4563 6602 7128 5615 4688 7738 6916 4584 4495 4994 5460 5941 6457 6949 7426 7931 8413 8885 9362 9832
29 8978 1235 4871 5453 76 159 290 473 731 1029 1375 1755 2181 2656 3132 3597 4047 4496 4996 5461 5943 6458 6950 7428 7932 8414 8886 9363 9833
29 6483 6372 5217 9433 4895 5273 1522 474 732 1030 1376 1756 2182 2657 3134 3598 4048 4497 4997 5462 5944 6459 6953 7429 7933 8415 8888 9364 9834
29 7690 4087 6 28 77 160 291 475 733 1032 1377 1758 2183 2658 3135 3599 4049 4498 5000 5463 5945 6460 6954 7430 7935 8417 8889 9365 9835
29 39 2220 2164 1043 3485 1463 2962 4459 9765 8744 3906 1759 2184 2660 3136 3600 4050 4499 5003 5464 5947 6461 6956 7431 7937 8418 8890 9366 9836
29 5177 2327 9198 1108 1868 7368 292 476 734 1033 1380 1760 2185 2662 3137 3603 4051 4500 5004 5465 5949 6462 6957 7432 7939 8421 8892 9368 9839
29 5602 8891 7399 3080 6596 8932 293 477 736 1034 1381 1761 2186 2663 3139 3604 4052 4501 5005 5467 5951 6463 6958 7433 7940 8422 8894 9369 9840
29 6071 1274 9987 1993 6614 161 294 478 737 1035 1383 1763 2187 2664 3140 3606 4053 4503 5006 5468 5954 6464 6959 7434 7941 8423 8896 9370 9842
29 316 7711 9799 5987 647 162 295 479 738 1036 1384 1764 2188 2665 3142 3608 4055 4504 5008 5469 5955 6465 6961 7436 7942 8424 8897 9371 9843
29 1126 4477 3549 6086 9045 8270 4256 5240 739 1037 1386 1767 2191 2666 3144 3609 4056 4505 5010 5472 5957 6466 6962 7437 7943 8425 8899 9372 9844
29 2076 5118 2226 4427 7480 5937 7731 5844 3970 6947 5950 1769 2192 2667 3145 3610 4057 4506 5012 5474 5959 6467 6964 7438 7944 8426 8900 9374 9845
29 120 561 5044 4361 78 163 296 481 740 1038 1387 1770 2194 2669 3146 3611 4059 4507 5013 5475 5961 6468 6965 7439 7946 8427 8901 9375 9846
29 8680 6243 8985 9244 103 1027 711 482 741 1039 1388 1772 2195 2671 3147 3612 4060 4508 5014 5476 5962 6471 6966 7440 7949 8428 8903 9376 9849
29 9184 525 3342 2360 7090 8771 3472 9358 742 1040 1389 1774 2196 2672 3149 3613 4062 4509 5016 5478 5963 6473 6967 7441 7950 8429 8904 9377 9850
29 1303 7254 2461 2376 7457 8241 6068 1727 4516 4998 1390 1775 2197 2673 3150 3615 4065 4510 5017 5479 5965 6474 6968 7442 7952 8430 8906 9378 9851
29 7776 7377 3446 7124 3650 6807 3602 5391 4954 2807 9900 1776 2199 2674 3151 3618 4067 4511 5019 5480 5966 6475 6970 7443 7953 8431 8907 9379 9852
29 9763 5981 8192 2095 4615 2041 1678 7805 9071 1042 1391 1777 2200 2675 3152 3619 4068 4515 5020 5482 5967 6476 6971 7444 7956 8432 8908 9381 9853
29 8976 4324 9181 7789 637 3188 7260 483 743 1045 1392 1779 2201 2676 3153 3620 4069 4519 5022 5483 5968 6477 6973 7448 7957 8433 8910 9382 9854
29 3578 9767 1990 8385 9577 164 297 484 744 1046 1394 1780 2202 2677 3154 3621 4070 4520 5023 5484 5969 6478 6975 7449 7958 8434 8911 9384 9855
29 8101 1738 1690 124 5211 165 298 485 745 1047 1395 1783 2205 2679 3155 3622 4071 4521 5024 5485 5971 6481 6976 7450 7959 8435 8912 9385 9856
29 9113 470 9138 29 79 166 299 487 746 1048 1396 1784 2206 2680 3156 3623 4072 4523 5026 5487 5972 6482 6977 7451 7960 8436 8913 9386 9857
29 3179 4928 4063 511 1911 2895 300 488 747 1049 1398 1785 2207 2682 3158 3624 4073 4524 5027 5488 5973 6484 6978 7454 7961 8437 8914 9387 9858
29 2872 3311 2345 1559 3422 6017 8548 489 748 1050 1400 1786 2208 2683 3160 3625 4074 4525 5030 5490 5974 6485 6979 7455 7962 8438 8915 9390 9859
29 813 6212 4826 1800 7951 5859 5042 5054 750 1051 1401 1788 2209 2684 3164 3626 4075 4527 5031 5492 5975 6486 6980 7458 7963 8439 8917 9391 9861
29 8342 2248 8637 6495 3918 6246 302 492 752 1052 1402 1789 2210 2685 3166 3627 4077 4528 5035 5493 5976 6487 6981 7459 7964 8440 8919 9392 9862
29 9986 2943 1618 6896 8719 7452 9285 3760 5491 9505 9064 9579 2211 2686 3167 3628 4078 4529 5036 5494 5977 6488 6982 7462 7967 8441 8920 9393 9864
29 2035 4619 5489 9418 7555 169 303 493 753 1053 1403 1792 2212 2687 3169 3629 4079 4530 5037 5495 5978 6489 6983 7463 7969 8444 8921 9394 9868
29 5110 3717 8501 8298 7697 6561 8096 494 755 1054 1404 1794 2216 2690 3170 3630 4080 4531 5038 5496 5979 6493 6985 7464 7971 8445 8923 9395 9871
29 9812 2559 8554 2119 4708 7134 6898 495 756 1055 1405 1795 2218 2691 3171 3631 4081 4533 5039 5497 5980 6494 6986 7467 7972 8446 8924 9397 9872
29 1809 2950 8094 8088 9398 3826 7471 497 757 1056 1406 1796 2219 2692 3172 3635 4083 4534 5040 5499 5982 6497 6987 7468 7973 8447 8925 9399 9875
29 45 4260 2399 1299 4704 8825 897 9945 2385 2915 7968 1797 2221 2693 3174 3636 4084 4535 5041 5500 5983 6500 6989 7472 7974 8448 8926 9400 9877
29 9307 0 7 30 80 170 304 498 758 1057 1407 1799 2222 2695 3175 3637 4089 4536 5043 5501 5984 6501 6990 7475 7976 8449 8927 9401 9878
29 7724 6766 6793 8660 3226 4635 2406 499 759 1058 1408 1802 2223 2696 3176 3640 4090 4537 5045 5502 5986 6502 6991 7476 7979 8450 8929 9402 9880
29 4359 6514 6047 2866 2834 7978 7063 500 760 1059 1409 1803 2224 2697 3177 3641 4091 4538 5046 5503 5989 6503 6992 7477 7980 8452 8931 9406 9883
29 6562 4925 86 5447 9373 8079 754 3697 6650 6012 1410 1804 2228 2698 3178 3643 4093 4541 5047 5505 5990 6504 6993 7479 7981 8453 8933 9408 9884
29 5089 5140 3467 6960 2249 8753 5789 502 761 1060 1411 1805 2229 2699 3180 3644 4094 4542 5048 5506 5993 6505 6994 7481 7982 8454 8934 9409 9885
29 4064 5001 4646 4271 891 496 9018 504 763 1061 1412 1806 2230 2700 3182 3646 4095 4543 5049 5508 5994 6506 6995 7482 7983 8455 8936 9411 9886
29 3282 749 7435 5960 5717 3570 8443 505 765 1062 1413 1807 2232 2701 3183 3647 4096 4544 5051 5509 5995 6507 6996 7483 7984 8456 8937 9412 9887
29 3971 7926 9968 8964 7756 7456 305 507 766 1063 1414 1808 2233 2702 3184 3648 4098 4545 5052 5510 5996 6510 6997 7485 7985 8457 8939 9413 9888
29 9604 1 8 31 81 171 306 508 767 1064 1415 1811 2234 2704 3185 3649 4099 4546 5053 5511 5997 6512 6998 7486 7986 8458 8940 9414 9889
29 987 5630 932 8164 127 9555 6806 6159 768 1066 1416 1812 2235 2705 3186 3651 4100 4547 5055 5512 5998 6515 6999 7487 7987 8459 8942 9415 9891
29 5788 1399 4964 6627 82 172 307 510 770 1067 1417 1813 2236 2707 3187 3654 4101 4549 5057 5514 5999 6516 7000 7488 7988 8460 8943 9416 9892
29 7975 5060 1970 5011 2483 3438 9586 7002 3074 1739 1418 1814 2238 2708 3189 3655 4103 4550 5058 5515 6000 6518 7001 7489 7989 8462 8944 9417 9893
29 9684 9657 1031 3106 4767 6730 5674 512 771 1068 1419 1816 2239 2710 3190 3656 4104 4551 5059 5516 6001 6519 7005 7490 7990 8463 8946 9419 9898
29 1141 4514 394 9185 3942 7126 3162 1183 2177 2731 5569 7223 3687 6059 3191 3657 4105 4553 5061 5518 6003 6520 7006 7491 7992 8464 8947 9420 9899
29 9404 7911 6202 592 83 173 308 513 773 1069 1420 1817 2240 2711 3192 3658 4106 4554 5062 5520 6004 6522 7007 7493 7993 8466 8948 9421 9901
29 6830 7577 6091 32 84 174 309 514 774 1070 1421 1818 2241 2713 3194 3659 4107 4555 5063 5521 6005 6523 7009 7494 7994 8467 8949 9425 9902
29 772 50 212 6413 5392 175 310 515 775 1072 1422 1819 2242 2714 3195 3660 4108 4557 5064 5522 6006 6525 7011 7495 7995 8468 8950 9427 9903
29 2363 7858 2616 7655 900 3818 311 517 776 1073 1423 1821 2243 2715 3198 3662 4109 4558 5066 5523 6007 6526 7012 7496 7998 8469 8952 9428 9905
29 1630 5374 371 7841 2809 3554 7422 521 777 1074 1424 1822 2244 2717 3199 3665 4110 4559 5067 5524 6010 6527 7013 7498 7999 8471 8954 9429 9906
29 6856 4598 9876 6417 9867 9449 6420 8736 7508 7856 7900 6305 2246 2720 3200 3666 4112 4560 5068 5528 6015 6528 7014 7499 8000 8472 8956 9432 9907
29 2437 3426 6532 7470 824 6279 8180 522 778 1075 1425 1823 2247 2722 3201 3667 4113 4562 5069 5529 6016 6530 7015 7500 8001 8473 8957 9435 9909
29 8205 2266 1810 6137 8119 8056 2427 1765 7107 7741 4890 6833 2251 2723 3203 3669 4114 4564 5070 5530 6018 6534 7016 7503 8003 8474 8958 9436 9910
29 2839 5656 7119 396 5092 5698 1211 6149 8068 1076 1426 1824 2252 2725 3204 3670 4115 4565 5071 5531 6019 6535 7017 7504 8004 8475 8961 9437 9911
29 4980 9430 6282 3093 5814 399 1509 8092 3059 1077 1427 1825 2255 2726 3205 3671 4116 4566 5072 5532 6020 6536 7018 7505 8005 8476 8962 9440 9913
29 8983 8111 7955 9976 6873 2979 3880 2490 3526 2476 2079 5009 3930 5813 5276 8749 4117 4567 5073 5533 6021 6538 7019 7506 8006 8477 8963 9441 9915
29 8603 876 8953 9829 6737 5365 7559 523 779 1078 1429 1826 2256 2727 3206 3672 4118 4568 5074 5534 6022 6539 7020 7507 8007 8478 8965 9442 9917
29 5498 1649 7306 1115 6626 1099 2634 524 780 1080 1430 1828 2257 2728 3208 3673 4119 4569 5075 5535 6024 6540 7022 7509 8008 8480 8966 9443 9919
29 4088 7198 9602 6704 2544 3404 1001 6755 9161 1081 1431 1829 2258 2729 3209 3674 4120 4570 5076 5537 6025 6543 7023 7510 8010 8481 8967 9445 9920
29 6321 8200 3559 6356 1820 1136 3375 526 781 1083 1432 1830 2260 2730 3210 3675 4121 4572 5077 5538 6026 6544 7024 7511 8012 8482 8968 9446 9921
29 1519 9344 1331 3588 5459 7810 4872 788 6157 1714 1433 1831 2261 2733 3211 3676 4122 4573 5078 5539 6027 6545 7025 7513 8013 8483 8969 9447 9922
29 6055 7414 9 33 85 176 312 527 782 1084 1434 1832 2262 2734 3212 3677 4123 4574 5079 5540 6030 6547 7026 7514 8014 8485 8970 9448 9923
29 3081 3719 4418 537 1651 2936 313 528 783 1085 1435 1833 2263 2735 3213 3678 4124 4575 5080 5541 6031 6549 7027 7515 8015 8486 8971 9450 9924
29 5034 427 531 3399 87 177 314 529 785 1086 1436 1834 2265 2738 3215 3679 4125 4577 5082 5542 6032 6550 7028 7516 8016 8488 8972 9451 9925
29 6635 8074 1913 3392 8630 3432 6759 6165 9348 2072 2976 9112 4973 2990 6141 7192 4126 4578 5083 5545 6033 6551 7030 7519 8017 8490 8973 9453 9926
29 1942 3388 6472 9596 4086 728 9022 4571 8935 9705 8895 4297 9962 2739 3216 3680 4127 4579 5084 5546 6035 6552 7031 7520 8019 8491 8974 9454 9928
29 5081 5246 6023 8069 6153 977 2810 530 786 1087 1437 1835 2269 2740 3217 3681 4128 4581 5085 5547 6036 6553 7032 7522 8020 8492 8975 9455 9929
29 6598 4659 1199 34 88 178 315 532 787 1088 1439 1836 2270 2743 3220 3682 4129 4582 5086 5550 6037 6554 7033 7523 8021 8493 8977 9456 9930
29 1044 2272 3112 4735 1295 7215 3024 533 789 1089 1440 1837 2274 2744 3222 3683 4130 4583 5087 5552 6039 6555 7035 7525 8022 8494 8980 9457 9931
29 9848 9870 7786 8556 5050 6142 5002 534 790 1092 1441 1838 2275 2745 3223 3684 4132 4587 5088 5553 6040 6556 7036 7526 8023 8496 8984 9458 9933
29 5910 784 9554 8055 5413 1553 6850 4847 7616 3979 8195 8810 2276 2746 3224 3685 4133 4588 5090 5554 6042 6557 7037 7528 8025 8497 8988 9459 9934
29 1323 9607 6647 2611 3708 179 317 535 791 1093 1442 1839 2277 2747 3225 3686 4134 4589 5093 5555 6043 6559 7038 7529 8026 8499 8989 9460 9935
29 9237 8705 575 6881 6821 1991 8768 6865 792 1094 1444 1840 2278 2748 3228 3688 4136 4591 5094 5556 6044 6560 7039 7530 8027 8500 8990 9461 9936
29 6610 5525 9585 8832 9359 8420 7684 3999 2688 2392 3959 5678 6490 2751 3229 3689 4137 4595 5095 5557 6045 6563 7040 7531 8028 8502 8991 9462 9937
29 921 9034 9904 6633 6955 5561 7319 539 793 1095 1447 1841 2279 2752 3231 3691 4139 4596 5096 5558 6046 6565 7041 7532 8029 8503 8992 9464 9938
29 9488 1168 4869 8419 139 2718 2510 6901 5161 8574 5275 1842 2280 2754 3233 3692 4140 4597 5097 5560 6048 6566 7042 7535 8030 8504 8993 9465 9939
29 3536 3754 5753 7465 9291 455 2264 8002 2537 2749 8776 3993 7521 2755 3234 3693 4141 4599 5098 5563 6049 6567 7043 7536 8031 8505 8996 9466 9940
29 3487 2060 6219 8301 857 7524 2626 573 3345 3645 8782 1843 2281 2756 3235 3694 4142 4602 5099 5564 6050 6568 7044 7538 8032 8506 8998 9467 9942
29 4959 8893 9164 7123 9724 5208 318 540 794 1096 1448 1844 2283 2757 3236 3695 4143 4603 5100 5565 6054 6569 7045 7539 8033 8507 8999 9468 9943
29 853 7411 1105 4257 3381 1946 5178 541 796 1097 1449 1845 2286 2758 3240 3696 4144 4604 5101 5566 6056 6570 7046 7541 8034 8509 9000 9469 9944
29 9481 2497 6906 35 89 180 319 542 797 1098 1450 1846 2287 2759 3241 3698 4145 4606 5102 5568 6057 6571 7047 7543 8035 8511 9002 9470 9946
29 5206 6455 5593 7772 2957 9982 6974 544 798 1100 1452 1847 2289 2761 3242 3699 4146 4607 5104 5570 6058 6572 7048 7544 8038 8512 9004 9471 9948
29 5028 1622 2859 2056 95 8960 7573 7170 7092 5709 2694 3015 2712 8542 9353 3700 4147 4608 5105 5571 6062 6574 7051 7545 8039 8513 9006 9472 9949
29 2190 3374 7156 491 7008 1672 8216 7362 8959 1101 1453 1848 2290 2762 3243 3701 4148 4610 5106 5572 6063 6577 7053 7546 8040 8517 9007 9473 9950
29 861 5056 1710 8827 7241 8247 9143 1967 1071 3030 2498 1849 2292 2765 3244 3702 4149 4611 5108 5573 6066 6578 7054 7548 8041 8518 9008 9475 9951
29 4085 4526 7722 5738 2504 181 320 545 799 1102 1454 1850 2293 2766 3245 3703 4150 4612 5109 5574 6067 6580 7055 7549 8042 8519 9009 9477 9952
29 425 7270 1637 7364 90 182 321 546 800 1103 1455 1852 2295 2767 3246 3704 4151 4614 5111 5575 6069 6582 7056 7550 8044 8520 9011 9479 9953
29 4832 655 8351 5666 91 184 322 547 801 1104 1456 1853 2297 2768 3247 3705 4152 4616 5112 5576 6070 6583 7057 7552 8045 8521 9012 9482 9954
29 4076 4162 9985 7446 6700 4999 8750 6266 5928 2902 1457 1854 2298 2769 3249 3706 4153 4617 5113 5577 6072 6585 7058 7554 8046 8523 9014 9483 9955
29 6517 3168 5836 7907 4977 7917 323 548 802 1107 1458 1855 2299 2770 3251 3707 4154 4618 5114 5578 6073 6586 7059 7556 8047 8524 9016 9484 9956
29 7625 5222 2397 1157 136 8508 8922 7730 4695 2143 6783 1856 2300 2771 3252 3709 4155 4620 5115 5579 6075 6589 7060 7557 8048 8525 9019 9486 9957
29 8612 3779 9293 8743 1653 697 324 549 803 1109 1459 1857 2301 2772 3253 3711 4156 4621 5116 5580 6076 6590 7061 7558 8049 8526 9021 9487 9959
29 3496 1746 7587 6628 4211 7420 7252 4790 2964 2618 4683 2737 2303 2773 3254 3712 4157 4622 5117 5581 6077 6591 7062 7561 8050 8528 9024 9489 9960
29 7405 628 2800 4609 1284 4007 8742 9069 9474 5257 1460 1858 2304 2774 3255 3713 4158 4623 5119 5583 6078 6592 7064 7562 8051 8529 9026 9490 9961
29 4758 5853 6984 5234 7154 5725 451 6320 2556 2067 1461 1859 2305 2775 3256 3714 4159 4624 5120 5584 6079 6593 7065 7563 8052 8530 9027 9491 9963
29 3064 9970 2760 4351 6963 7357 3964 8169 3196 2448 7089 3940 4407 2777 3258 3715 4160 4626 5121 5585 6080 6594 7067 7564 8053 8532 9028 9492 9965
29 3115 3725 8105 7162 519 185 325 550 804 1110 1462 1860 2309 2778 3259 3716 4161 4627 5122 5587 6081 6597 7068 7565 8054 8534 9029 9493 9966
29 8531 2529 9517 9030 6496 2530 5470 8387 805 1111 1465 1861 2311 2780 3261 3718 4163 4628 5123 5588 6082 6599 7069 7566 8057 8536 9031 9494 9967
29 3632 4950 984 8498 366 6360 4532 1655 9615 9580 7094 1862 2312 2782 3262 3720 4164 4629 5124 5590 6083 6600 7070 7567 8059 8537 9032 9495 9972
29 5952 6255 3904 9093 3454 5015 6836 8155 6120 9574 9608 4721 4936 7164 8955 4270 4165 4630 5125 5592 6084 6601 7071 7569 8063 8538 9033 9497 9973
29 4899 4329 2107 36 92 187 326 551 807 1112 1466 1863 2313 2784 3263 3721 4166 4631 5126 5594 6085 6603 7072 7570 8064 8540 9035 9498 9974
29 7427 2175 9270 6531 5647 1246 3776 8839 1476 7791 3734 9698 3946 2785 3264 3722 4167 4632 5127 5595 6087 6604 7075 7572 8066 8541 9036 9499 9975
29 3260 8623 9010 7088 7624 7716 9221 8658 7817 5736 8918 1865 2314 2787 3265 3723 4168 4633 5128 5596 6092 6606 7077 7574 8067 8543 9037 9500 9977
29 7908 9770 7527 38 93 188 327 552 808 1113 1467 1866 2315 2788 3266 3724 4169 4634 5129 5597 6093 6607 7078 7575 8071 8544 9038 9502 9979
29 2310 9690 6508 812 6939 3915 3617 1200 1232 2655 5381 2978 2896 6943 8018 9947 7713 4798 5130 5598 6095 6608 7079 7576 8072 8545 9039 9503 9980
29 3237 6988 5473 9346 94 189 328 553 809 1114 1468 1867 2316 2790 3267 3726 4170 4636 5131 5600 6096 6609 7080 7578 8073 8546 9040 9504 9981
29 7087 1950 5165 9277 8986 4625 8640 554 810 1116 1469 1870 2317 2792 3269 3727 4172 4637 5133 5601 6097 6611 7081 7579 8075 8547 9042 9506 9983
29 3353 4661 4715 3238 2724 9541 3523 7453 2481 5231 1470 1871 2319 2793 3271 3728 4173 4638 5134 5603 6098 6612 7082 7581 8076 8549 9043 9507 9984
29 2324 7700 2566 806 4947 7837 8589 6264 8682 1117 1471 1872 2320 2794 3272 3730 4174 4639 5135 5604 6099 6613 7083 7582 8078 8550 9044 9508 9988
29 3305 3006 2388 40 96 190 330 555 811 1118 1472 1873 2321 2795 3273 3731 4175 4640 5136 5605 6100 6615 7084 7583 8080 8551 9046 9511 9989
29 1285 5322 2639 7293 8647 3796 3652 8317 2814 4956 1475 1874 2322 2797 3275 3733 4176 4641 5137 5607 6102 6616 7086 7584 8081 8552 9047 9512 9990
29 4774 5288 9879 9865 3207 5543 9573 2781 9423 1120 1477 1876 2323 2798 3276 3735 4177 4642 5138 5608 6104 6617 7091 7585 8082 8553 9049 9513 9992
29 369 5544 8011 8945 3876 2149 331 556 814 1121 1478 1877 2325 2799 3277 3737 4178 4647 5139 5610 6106 6618 7095 7586 8083 8557 9050 9514 9993
29 6284 9882 7272 582 97 191 332 557 815 1122 1479 1878 2326 2801 3278 3738 4179 4648 5141 5611 6107 6619 7096 7588 8084 8558 9051 9515 9994
29 3032 2400 4791 3517 4585 192 333 558 816 1123 1480 1880 2330 2802 3280 3739 4180 4649 5143 5612 6108 6620 7097 7589 8085 8560 9052 9516 9996
29 9480 9298 6579 9613 1486 3653 4353 2668 817 1124 1481 1883 2331 2803 3281 3740 4181 4650 5145 5613 6109 6621 7098 7590 8087 8561 9053 9518 9997
29 8328 3798 3947 4224 1369 6235 8167 4512 818 1125 1482 1884 2332 2805 3283 3741 4182 4651 5146 5614 6110 6622 7099 7591 8089 8562 9054 9519 9998
29 902 6834 2493 5410 4789 9914 335 559 820 1127 1483 1885 2333 2806 3286 3742 4183 4652 5147 5616 6112 6623 7101 7592 8090 8563 9056 9520 9999
28 7142 3058 3401 8171 8161 9013 5765 5918 1540 6008 1485 1886 2334 2808 3287 3743 4185 4653 5148 5617 6113 6624 7102 7595 8091 8564 9057 9521
28 3639 2271 2572 3202 5681 6135 4037 560 821 1128 1487 1887 2335 2811 3288 3744 4186 4654 5149 5619 6114 6629 7103 7596 8093 8565 9058 9522
28 4401 922 9316 5444 113 2123 9188 7178 1533 1129 1488 1888 2337 2812 3290 3745 4187 4655 5150 5620 6115 6630 7104 7597 8095 8566 9059 9523
28 7396 9349 9932 5107 99 194 336 562 822 1130 1489 1889 2339 2813 3291 3746 4189 4656 5151 5622 6116 6631 7105 7598 8097 8568 9060 9524
28 5913 1144 1346 7093 8767 8510 2094 3406 4561 4590 4337 7788 2341 2815 3292 3747 4190 4657 5152 5623 6118 6634 7108 7600 8098 8569 9062 9525
28 2689 6795 1933 7365 875 8930 4024 9496 7977 2046 1594 3547 5344 4196 5402 3749 4191 4658 5153 5625 6119 6636 7110 7601 8099 8571 9066 9526
28 9025 1119 8898 1445 100 195 337 563 823 1131 1490 1890 2342 2816 3293 3750 4192 4660 5154 5626 6123 6638 7111 7602 8100 8572 9067 9528
28 8389 685 6101 8648 6222 196 8060 4707 2716 1132 1491 1892 2343 2817 3294 3751 4193 4662 5155 5627 6124 6640 7113 7605 8102 8573 9068 9529
28 3268 3 6337 3567 5697 3221 1989 3614 6327 6667 5536 3607 9542 2818 3295 3752 4195 4663 5156 5628 6125 6641 7114 7606 8103 8575 9070 9530
28 9389 2227 658 4810 8994 6660 638 6041 9916 4643 4412 1893 2344 2820 3296 3753 4198 4664 5157 5631 6126 6642 7115 7607 8106 8576 9072 9531
28 6215 8656 3257 4666 7152 2268 5551 8514 8062 1133 1492 1894 2346 2821 3297 3755 4199 4665 5159 5632 6127 6643 7116 7609 8108 8577 9073 9532
28 3668 6422 10 41 101 198 338 564 827 1134 1493 1895 2348 2822 3298 3756 4200 4667 5160 5634 6128 6644 7117 7610 8109 8578 9075 9533
28 8995 9710 4580 9838 3555 7540 8307 565 829 1135 1494 1896 2350 2823 3299 3757 4201 4668 5162 5636 6129 6645 7118 7611 8112 8579 9076 9534
28 1628 2294 677 8619 3642 2217 339 566 830 1137 1495 1897 2351 2824 3300 3759 4202 4669 5163 5637 6130 6646 7120 7612 8113 8581 9077 9536
28 1557 707 7461 8376 8236 518 852 624 831 1138 1496 1898 2352 2825 3302 3761 4203 4670 5164 5639 6131 6648 7121 7613 8115 8584 9078 9537
28 6492 6241 7857 1017 3098 6201 509 8830 8792 3800 6325 1899 2353 2826 3303 3762 4204 4671 5166 5640 6132 6649 7122 7614 8116 8586 9079 9538
28 1668 9908 536 1281 240 9383 2431 7533 832 1139 1498 1900 2354 2827 3304 3763 4205 4672 5167 5641 6134 6651 7125 7615 8118 8588 9081 9539
28 9114 5711 1503 2155 5707 9837 340 568 833 1140 1499 1901 2355 2830 3306 3764 4206 4673 5168 5642 6138 6652 7127 7618 8120 8590 9082 9540
28 6727 9485 5376 8668 4417 2764 1543 7801 2031 4682 1502 1902 2356 2831 3307 3765 4207 4675 5169 5643 6139 6653 7129 7620 8121 8591 9083 9546
28 4350 6584 635 7710 4755 880 4979 2328 2848 2487 4287 1903 2358 2832 3310 3766 4208 4676 5170 5645 6140 6655 7130 7621 8122 8592 9084 9547
28 7284 9616 4310 7197 4188 200 342 569 834 1142 1504 1904 2359 2833 3312 3768 4210 4677 5171 5646 6143 6657 7131 7623 8123 8593 9085 9548
28 6303 9869 9403 1367 4747 2994 343 570 835 1143 1505 1905 2361 2835 3313 3770 4212 4679 5174 5648 6144 6658 7132 7626 8124 8594 9086 9549
28 2436 2 11 42 102 201 344 571 837 1145 1506 1906 2362 2836 3314 3771 4213 4684 5175 5649 6145 6659 7133 7627 8125 8595 9087 9550
28 8701 5366 4522 268 3848 7991 4811 8596 2273 3062 1507 1907 2364 2837 3315 3772 4214 4686 5176 5651 6146 6661 7135 7628 8126 8597 9088 9551
28 6147 4399 4837 7445 1947 2567 3664 2380 5029 1146 1510 1908 2365 2838 3316 3773 4215 4687 5179 5652 6150 6662 7136 7629 8128 8598 9089 9552
28 1787 2531 1882 6849 5946 2441 7004 9841 3120 1147 1511 1909 2366 2840 3317 3774 4216 4689 5180 5653 6151 6664 7138 7633 8129 8599 9090 9553
28 373 1355 5785 5845 5930 9827 4793 572 838 1148 1512 1910 2368 2841 3318 3775 4217 4691 5181 5654 6152 6665 7139 7634 8130 8600 9091 9557
28 1721 1438 4995 2999 5372 1150 3334 9650 839 1149 1513 1912 2369 2842 3319 3777 4218 4692 5182 5655 6154 6666 7140 7635 8131 8601 9092 9559
28 3784 6357 1170 4368 8361 6533 3601 2594 2911 2523 1514 1914 2370 2843 3320 3778 4220 4693 5183 5657 6155 6668 7141 7636 8133 8602 9095 9560
28 3181 7344 6861 1987 2612 735 1728 5633 6184 1762 7923 1915 2372 2845 3321 3780 4221 4694 5184 5658 6156 6669 7143 7637 8134 8604 9096 9561
28 795 2475 8210 8902 8527 1474 5915 7153 840 1151 1515 1917 2373 2846 3322 3781 4222 4696 5185 5659 6160 6670 7144 7638 8135 8605 9097 9562
28 4845 6013 4291 2088 3161 2969 6952 6784 841 1152 1516 1918 2375 2847 3323 3782 4223 4697 5186 5660 6162 6671 7145 7639 8136 8607 9098 9564
28 851 183 4719 5267 1528 3165 8818 2099 8225 1153 1517 1919 2377 2849 3324 3783 4225 4700 5187 5661 6163 6672 7146 7642 8137 8608 9101 9565
28 466 6803 5663 2117 4993 9020 8979 1015 9152 6823 1518 1920 2378 2851 3325 3785 4226 4701 5188 5662 6166 6674 7147 7643 8138 8609 9102 9566
28 199 7571 8539 2386 7315 3386 5284 574 843 1156 1520 1922 2381 2852 3326 3786 4227 4703 5189 5664 6167 6675 7148 7645 8139 8610 9103 9567
28 3980 6732 7460 6441 2980 202 345 576 844 1158 1521 1923 2382 2853 3327 3787 4229 4706 5190 5668 6168 6676 7149 7647 8140 8611 9104 9568
28 7473 842 8806 2732 2491 6818 448 3101 2985 6377 1523 1924 2383 2854 3329 3788 4230 4710 5191 5669 6170 6678 7150 7648 8141 8613 9106 9569
28 9543 7233 6745 6654 9927 2213 4771 2942 846 1159 1524 1925 2384 2855 3330 3789 4232 4711 5192 5670 6171 6679 7151 7650 8142 8614 9107 9570
28 4709 7747 6632 8311 104 203 346 577 847 1160 1525 1926 2387 2857 3331 3790 4233 4713 5194 5671 6174 6681 7155 7651 8143 8615 9108 9571
28 7689 8343 9912 3451 3522 1313 5779 5285 848 1161 1526 1927 2389 2858 3332 3791 4234 4716 5195 5672 6175 6682 7157 7653 8144 8616 9111 9572
28 6053 453 6397 6332 7348 8470 347 579 850 1162 1527 1929 2390 2860 3333 3792 4236 4717 5198 5673 6177 6683 7158 7656 8145 8617 9115 9575
28 6186 9110 6064 3087 8188 5507 4502 7568 854 1163 1529 1930 2391 2861 3335 3793 4238 4718 5200 5676 6178 6684 7159 7657 8147 8621 9116 9578
28 937 6189 9431 6164 7502 204 349 580 855 1164 1530 1931 2394 2863 3336 3794 4239 4720 5201 5679 6182 6685 7161 7658 8148 8622 9117 9581
28 2198 5567 4645 348 6355 7619 3355 3092 4699 1327 1531 1932 2395 2864 3337 3795 4240 4722 5202 5680 6183 6686 7167 7659 8149 8624 9118 9582
28 4243 2804 6065 2894 106 205 350 583 856 1165 1532 1934 2396 2865 3338 3797 4241 4723 5203 5682 6185 6687 7168 7660 8152 8626 9119 9583
28 2340 7729 3474 8240 5991 2480 4254 584 858 1166 1534 1935 2402 2867 3339 3799 4242 4724 5205 5683 6187 6689 7169 7661 8153 8627 9120 9584
28 2736 9665 9065 5032 7294 2623 8151 585 859 1167 1535 1936 2403 2869 3340 3801 4244 4726 5207 5684 6188 6690 7171 7662 8154 8628 9121 9587
28 3284 1451 5339 4840 6680 6173 3279 586 860 1169 1536 1938 2404 2870 3341 3802 4245 4727 5209 5686 6190 6691 7172 7664 8156 8632 9122 9588
28 6280 3634 9478 1766 4331 206 351 588 862 1171 1537 1940 2405 2871 3343 3803 4246 4728 5210 5687 6191 6692 7173 7665 8158 8633 9123 9589
28 722 341 12 43 107 207 352 589 863 1172 1538 1941 2407 2873 3344 3804 4247 4729 5212 5688 6192 6693 7175 7666 8159 8634 9124 9590
28 4788 222 3969 2284 4468 253 9971 7903 8941 1173 1539 1944 2408 2874 3346 3805 4248 4730 5213 5689 6193 6695 7176 7667 8162 8635 9125 9591
28 9233 5033 6588 2423 108 208 353 590 864 1174 1541 1945 2409 2875 3347 3806 4249 4731 5214 5691 6195 6696 7177 7668 8163 8638 9126 9592
28 8442 472 334 6780 9501 2193 3408 2471 6920 2706 3197 5795 2410 2876 3350 3807 4250 4732 5218 5692 6196 6697 7179 7669 8166 8639 9128 9593
28 9439 5926 9094 1851 2016 7936 354 591 865 1175 1542 1948 2411 2878 3351 3809 4251 4734 5219 5693 6197 6698 7180 7670 8168 8641 9129 9594
28 1724 7166 4184 4916 3580 209 355 593 866 1176 1544 1949 2412 2880 3352 3811 4252 4736 5220 5694 6198 6699 7181 7671 8170 8642 9130 9595
28 1768 2939 3616 7640 9048 9722 7512 1378 2422 6867 9774 4961 2413 2882 3354 3812 4253 4738 5221 5695 6199 6701 7182 7672 8172 8643 9131 9597
28 6388 8570 9253 8683 1185 4678 356 594 867 1178 1547 1951 2414 2883 3356 3813 4255 4739 5223 5696 6200 6702 7183 7673 8173 8644 9132 9598
28 7948 5239 7085 137 1997 8043 6921 8077 6798 3958 1705 1952 2415 2885 3357 3814 4258 4740 5224 5699 6204 6703 7184 7674 8175 8646 9133 9599
28 224 1921 6207 44 109 210 357 595 868 1179 1548 1953 2416 2886 3358 3815 4259 4741 5225 5700 6205 6705 7185 7675 8176 8649 9135 9601
28 2104 6972 8070 9100 9192 7899 358 596 871 1180 1549 1955 2417 2887 3359 3817 4261 4742 5226 5701 6206 6706 7186 7676 8177 8650 9136 9603
28 7945 7371 2829 5481 8412 1212 9109 597 872 1181 1552 1956 2418 2888 3360 3819 4262 4745 5228 5703 6208 6707 7188 7678 8178 8651 9137 9605
28 5728 2709 1177 6405 110 211 359 598 873 1182 1554 1959 2419 2889 3361 3820 4263 4746 5229 5704 6210 6708 7191 7679 8179 8652 9139 9606
28 5964 6089 6926 5624 3111 8306 8987 4841 4897 4762 1555 1960 2420 2890 3362 3821 4264 4748 5230 5706 6211 6711 7193 7680 8182 8653 9140 9609
28 9001 7261 5320 1363 7010 213 360 599 874 1186 1556 1961 2421 2891 3363 3822 4265 4749 5232 5708 6213 6712 7195 7681 8183 8654 9141 9610
28 2868 5758 6038 2956 9700 214 361 600 877 1187 1558 1962 2424 2892 3364 3824 4266 4751 5233 5710 6214 6713 7196 7682 8184 8657 9142 9611
28 5007 973 13 46 111 215 363 601 878 1188 1560 1963 2425 2897 3365 3825 4267 4752 5235 5713 6218 6714 7199 7683 8185 8659 9144 9612
28 4783 1790 3366 6843 5690 3810 364 602 879 1190 1561 1964 2426 2898 3367 3827 4269 4753 5236 5714 6220 6715 7200 7685 8186 8662 9145 9617
28 9797 9405 5792 7413 480 4197 936 1875 6074 1191 1562 1965 2428 2899 3368 3828 4272 4754 5237 5715 6221 6716 7201 7686 8189 8663 9147 9618
28 4194 7663 4743 5103 1273 6239 6260 8695 5747 1288 7938 1966 2429 2900 3369 3830 4273 4756 5238 5716 6223 6717 7202 7687 8190 8664 9148 9619
28 1497 7746 4097 7775 7492 216 365 603 881 1192 1563 1968 2430 2903 3370 3831 4276 4757 5241 5718 6225 6718 7203 7691 8191 8665 9149 9620
28 5958 7266 6158 4705 486 5256 3840 9645 3157 1193 1564 1969 2432 2905 3371 3832 4277 4759 5242 5720 6226 6719 7205 7692 8193 8666 9150 9621
28 7534 9212 14 47 112 217 367 604 882 1194 1565 1971 2433 2906 3372 3833 4278 4760 5243 5721 6227 6720 7206 7693 8196 8667 9151 9622
28 301 3435 4380 1551 9255 2925 370 605 883 1195 1566 1972 2434 2908 3373 3834 4279 4761 5244 5722 6228 6721 7208 7695 8197 8669 9153 9623
28 3379 9127 9367 193 8086 6259 8157 3447 2884 3459 3239 2203 2514 8146 4490 3835 4280 4763 5245 5724 6229 6724 7209 7696 8198 8671 9155 9624
28 1545 6558 1569 374 8024 368 5621 5361 2467 1196 1567 1974 2435 2909 3376 3836 4281 4764 5247 5726 6230 6725 7210 7698 8199 8672 9156 9625
28 9784 5255 15 48 114 218 372 606 884 1197 1568 1976 2439 2910 3377 3837 4282 4765 5248 5727 6231 6726 7211 7699 8201 8673 9157 9626
28 2253 1781 4987 9863 6028 3138 3038 5375 885 1198 1570 1977 2440 2912 3378 3838 4283 4766 5249 5730 6232 6728 7212 7701 8202 8674 9158 9627
28 2581 467 6546 9527 5823 219 375 607 886 1201 1571 1978 2442 2913 3380 3839 4284 4768 5250 5731 6234 6729 7213 7702 8203 8675 9159 9628
28 6387 9807 9614 9105 3309 6209 3816 5432 6542 3758 1572 1979 2443 2914 3382 3842 4285 4769 5251 5732 6236 6731 7216 7703 8204 8676 9160 9629
28 5519 4111 277 9204 4300 220 376 608 887 1203 1573 1980 2445 2916 3383 3843 4286 4770 5252 5733 6237 6734 7217 7704 8206 8677 9162 9630
28 1684 5922 1586 7807 8559 1928 3530 6513 888 1204 1574 1981 2446 2917 3384 3844 4288 4772 5253 5735 6238 6735 7218 7707 8207 8679 9165 9631
28 4712 1793 3767 49 115 221 377 609 889 1205 1575 1982 2447 2918 3385 3845 4289 4773 5254 5737 6242 6736 7219 7708 8209 8681 9166 9632
28 1257 168 3230 6769 1958 3710 2828 3421 9388 5559 1576 1983 2449 2919 3387 3846 4290 4776 5258 5739 6244 6738 7220 7709 8211 8684 9167 9633
28 5440 6434 9017 2259 3466 5319 2533 9805 5907 1263 3045 4479 2450 2920 3389 3847 4292 4777 5259 5740 6245 6739 7221 7712 8212 8685 9168 9634
28 4397 8756 1695 7630 7034 9061 1869 4367 2306 5586 7542 1985 2452 2921 3390 3849 4293 4778 5260 5741 6247 6740 7222 7714 8213 8686 9169 9635
28 5294 1316 4548 6969 2134 8805 2907 610 890 1206 1577 1986 2453 2922 3391 3850 4294 4779 5262 5742 6249 6741 7225 7715 8214 8687 9170 9636
28 8065 3841 6498 2367 9741 223 378 611 892 1207 1578 1992 2454 2924 3393 3851 4295 4780 5263 5743 6250 6742 7229 7717 8215 8688 9171 9637
28 6509 4460 6883 7066 4875 8629 380 612 893 1209 1579 1994 2455 2926 3394 3852 4296 4781 5264 5744 6251 6743 7230 7719 8219 8689 9172 9638
28 167 3301 3497 8863 2374 6103 2063 2105 7804 7100 1581 1996 2457 2927 3395 3853 4298 4782 5265 5745 6252 6744 7231 7720 8220 8690 9173 9639
28 9964 4373 6111 6605 7501 5873 6799 2302 8846 3457 2904 5582 2458 2928 3396 3854 4299 4784 5266 5746 6253 6746 7232 7721 8221 8691 9175 9640
28 7890 6329 1091 2204 6521 9726 9676 7599 6831 8344 5677 7518 8218 5549 3397 3855 4301 4785 5268 5748 6254 6748 7235 7723 8222 8693 9176 9641
28 3348 4378 9783 940 3072 9163 9786 613 894 1210 1582 1998 2459 2929 3398 3856 4302 4786 5270 5749 6256 6749 7236 7725 8224 8697 9178 9642
28 7774 6172 7264 51 116 225 381 614 895 1213 1583 1999 2460 2930 3400 3858 4303 4787 5271 5750 6257 6750 7237 7727 8226 8698 9179 9644
28 2893 2941 7868 764 9510 447 382 615 896 1214 1584 2000 2462 2931 3402 3860 4304 4792 5272 5751 6258 6752 7238 7728 8227 8699 9180 9646
28 2017 751 1757 8272 5970 7165 2719 616 898 1215 1585 2001 2464 2932 3405 3861 4305 4794 5274 5752 6261 6753 7239 7732 8230 8700 9182 9647
28 8670 960 16 52 117 226 383 617 899 1216 1587 2002 2465 2933 3407 3862 4306 4795 5277 5754 6265 6754 7240 7733 8231 8702 9183 9648
28 98 4171 4131 9860 119 227 384 618 901 1217 1588 2003 2466 2934 3409 3863 4307 4796 5278 5756 6267 6756 7242 7734 8232 8703 9186 9649
28 1879 2225 4913 4352 2516 4963 5280 8784 903 1218 1589 2004 2468 2935 3410 3864 4308 4797 5279 5757 6268 6757 7243 7735 8233 8704 9187 9651
28 629 1682 1270 5897 6088 6804 385 619 904 1219 1590 2005 2469 2937 3411 3865 4309 4799 5281 5759 6270 6758 7244 7736 8234 8706 9189 9652
28 2648 2166 387 2463 9197 8587 9509 8997 6529 9978 4138 7930 6011 5196 3412 3866 4311 4800 5282 5761 6272 6760 7245 7737 8235 8707 9190 9653
28 4320 5269 7649 53 121 228 386 622 905 1220 1591 2006 2470 2940 3413 3867 4312 4801 5283 5762 6273 6761 7247 7739 8237 8709 9191 9654
28 4022 4061 4714 6511 870 229 388 623 906 1221 1592 2009 2472 2944 3414 3869 4313 4802 5287 5763 6274 6763 7248 7740 8238 8710 9193 9655
28 5665 3859 9320 3289 6776 6842 8631 953 907 1222 1593 2010 2474 2945 3415 3871 4314 4803 5289 5764 6275 6764 7249 7742 8239 8711 9194 9656
28 4029 2438 9146 1646 8779 1626 5667 1638 3868 1223 1595 2011 2477 2946 3416 3873 4315 4804 5290 5766 6276 6765 7250 7743 8242 8713 9195 9659
28 4812 9897 2638 8708 9347 390 3829 5774 908 1225 1597 2012 2479 2947 3417 3874 4316 4805 5291 5767 6277 6767 7251 7744 8243 8714 9196 9660
28 5199 7632 4491 2393 4680 9015 2783 625 909 1226 1598 2013 2482 2948 3418 3875 4317 4806 5292 5768 6278 6768 7253 7745 8245 8717 9199 9661
28 2245 6034 501 7852 7608 6179 578 626 910 1228 1599 2014 2484 2949 3420 3877 4318 4807 5293 5769 6281 6770 7255 7748 8246 8720 9200 9662
28 3440 4092 2165 727 3527 9788 5526 2008 5635 5729 1600 2015 2486 2951 3423 3878 4319 4808 5295 5770 6283 6772 7256 7749 8248 8721 9201 9663
28 7227 9174 1685 3661 2938 4592 7861 3008 9723 1229 1602 2018 2488 2954 3424 3879 4321 4809 5296 5771 6285 6773 7257 7750 8249 8722 9202 9664
28 1615 4901 6575 54 122 230 389 627 911 1231 1603 2019 2489 2955 3425 3881 4322 4813 5297 5772 6286 6774 7259 7751 8250 8723 9203 9666
28 2741 2750 1722 3214 2456 1665 3436 630 912 1233 1604 2020 2492 2958 3427 3882 4323 4814 5299 5775 6287 6775 7262 7752 8251 8724 9205 9667
28 2401 2763 3248 1782 4733 8747 7280 6308 5849 8402 1605 2021 2495 2960 3428 3883 4325 4815 5301 5776 6288 6777 7265 7753 8252 8725 9206 9668
28 4387 6180 762 3270 8104 8880 8228 5216 8770 1234 1606 2022 2496 2961 3429 3884 4326 4817 5302 5777 6289 6778 7267 7754 8253 8726 9207 9669
28 2347 1208 5992 8187 4556 7854 4594 631 913 1236 1608 2023 2499 2963 3430 3885 4327 4818 5303 5778 6290 6779 7268 7755 8254 8727 9209 9670
28 8625 6105 7484 379 8692 6848 3996 2250 1580 7617 1881 2862 5386 7517 3431 3886 4328 4819 5305 5781 6291 6781 7269 7757 8255 8728 9210 9671
28 5477 9576 1106 4576 2786 231 391 632 914 1237 1609 2024 2500 2965 3433 3887 4332 4822 5306 5782 6292 6782 7271 7758 8256 8729 9211 9672
28 8217 9080 3083 3956 7688 232 392 633 915 1238 1610 2025 2502 2966 3434 3889 4333 4824 5307 5783 6293 6785 7273 7759 8257 8730 9213 9673
28 7393 3872 3116 9556 123 234 393 636 916 1239 1611 2026 2503 2967 3437 3890 4334 4825 5308 5784 6294 6786 7274 7760 8258 8732 9214 9674
28 2953 5562 3748 5723 7641 235 395 639 917 1240 1612 2027 2505 2970 3439 3891 4335 4828 5309 5786 6295 6788 7275 7761 8259 8733 9215 9675
28 7263 2968 5851 8479 7886 7820 397 640 918 1241 1613 2028 2506 2971 3441 3892 4336 4829 5310 5790 6296 6789 7276 7762 8260 8735 9217 9677
28 5705 2061 3888 2237 7547 3995 7289 6709 5805 5215 6435 2029 2508 2972 3442 3893 4338 4830 5311 5791 6298 6790 7277 7763 8261 8737 9218 9678
28 9380 9041 6480 6491 125 236 398 641 919 1242 1614 2030 2509 2973 3443 3894 4340 4831 5312 5793 6299 6791 7278 7765 8262 8738 9219 9680
28 9074 6722 7174 3107 7207 237 400 642 920 1243 1616 2032 2511 2975 3445 3895 4341 4833 5313 5794 6300 6792 7279 7766 8263 8739 9220 9681
28 5298 6694 3285 2518 126 238 401 643 923 1244 1617 2033 2512 2977 3448 3896 4342 4834 5314 5796 6302 6794 7282 7767 8264 8740 9222 9682
28 5956 1995 769 2338 9558 239 402 644 924 1245 1619 2034 2513 2981 3449 3897 4343 4835 5315 5797 6306 6796 7283 7768 8266 8741 9223 9683
28 3963 4853 7594 5341 6541 4981 3308 7965 9748 1247 1620 2036 2515 2982 3452 3898 4344 4836 5316 5798 6307 6797 7285 7769 8267 8745 9224 9685
28 2974 6723 2109 6887 1287 5948 5317 8132 2850 1248 1621 2037 2517 2983 3453 3899 4348 4838 5318 5799 6309 6800 7286 7770 8269 8746 9225 9688
28 516 587 8268 5227 8009 7996 403 645 925 1249 1623 2038 2519 2984 3455 3900 4349 4839 5323 5800 6310 6801 7288 7773 8271 8748 9226 9689
28 5606 8461 8397 6733 8127 7287 1798 2189 5021 6573 1624 2039 2520 2986 3456 3902 4355 4843 5324 5801 6312 6802 7290 7777 8274 8751 9227 9691
28 9236 2083 3419 6311 9463 1350 8816 646 926 1250 1625 2040 2521 2987 3458 3903 4356 4844 5325 5802 6313 6805 7291 7778 8275 8752 9228 9692
28 7560 7803 490 5858 6401 433 7137 7705 9134 9894 2444 2042 2522 2988 3460 3905 4358 4846 5326 5803 6314 6808 7292 7779 8276 8754 9229 9693
28 7706 1272 5755 9426 6194 6391 4403 5300 5702 1279 4702 2329 6415 2989 3461 3907 4360 4848 5329 5804 6315 6809 7295 7781 8277 8755 9230 9694
28 6747 1374 1954 4014 8636 241 404 648 927 1251 1629 2044 2524 2991 3462 3908 4363 4849 5330 5806 6316 6811 7296 7782 8278 8757 9231 9695
28 5629 6161 2670 6537 8465 7885 405 649 928 1252 1631 2045 2525 2992 3463 3909 4365 4852 5331 5807 6318 6812 7297 7783 8279 8758 9232 9699
28 8273 7580 4330 267 2819 9778 990 3148 9444 5870 1632 2047 2526 2993 3464 3910 4366 4854 5332 5808 6319 6813 7298 7784 8280 8759 9234 9701
28 9434 8290 2561 233 5921 242 406 650 929 1253 1633 2048 2527 2995 3465 3911 4369 4855 5333 5810 6322 6814 7299 7787 8281 8760 9235 9702
28 3931 2678 6787 55 128 243 407 651 930 1254 1636 2049 2534 2996 3469 3912 4370 4856 5334 5811 6323 6815 7300 7790 8282 8761 9238 9703
28 5857 7925 4912 5809 4268 4345 2296 9847 931 1256 1639 2050 2535 2997 3470 3914 4371 4857 5335 5812 6324 6816 7301 7792 8283 8762 9239 9704
28 3974 7622 7818 3163 6339 2703 7246 1801 1697 8409 1640 2051 2536 2998 3471 3916 4372 4858 5336 5815 6326 6817 7302 7793 8284 8763 9240 9706
28 5942 6860 7771 9005 7160 3564 4102 8382 7224 6317 1815 3014 6052 6499 4411 3917 4374 4859 5338 5816 6328 6819 7303 7794 8285 8764 9241 9707
28 7112 3605 2596 5893 1827 5286 2959 3468 7424 1258 1641 2052 2538 3000 3475 3919 4375 4860 5340 5817 6330 6820 7304 7795 8286 8765 9242 9708
28 5304 7074 3938 4339 4685 2791 408 652 934 1259 1642 2053 2539 3001 3476 3920 4376 4861 5342 5818 6331 6822 7305 7797 8287 8766 9243 9709
28 1667 5337 6136 1464 4552 1473 836 6932 935 1260 1643 2054 2540 3002 3477 3921 4377 4862 5343 5819 6333 6824 7307 7798 8288 8769 9245 9711
28 2135 1189 2092 2307 5431 621 8981 4384 1079 7050 1644 2055 2541 3003 3478 3922 4379 4863 5345 5820 6334 6825 7308 7800 8289 8772 9246 9712
28 3090 4228 3041 9687 1607 950 3769 5398 938 1261 1645 2057 2542 3004 3479 3923 4381 4864 5346 5821 6335 6826 7310 7802 8291 8773 9247 9713
28 8982 4850 2620 9995 2157 1298 409 653 939 1262 1647 2058 2543 3005 3480 3924 4382 4865 5347 5822 6336 6827 7311 7809 8292 8775 9248 9714
28 1771 1382 2043 7226 8533 3936 9563 5618 7322 1264 1650 2062 2545 3007 3481 3925 4383 4867 5348 5824 6338 6828 7312 7811 8293 8777 9249 9715
28 9545 7228 1627 9154 7234 244 410 654 941 1265 1652 2064 2546 3009 3482 3926 4385 4868 5349 5825 6340 6829 7313 7812 8294 8778 9250 9716
28 6304 6389 6470 4725 4816 4026 8731 8037 4866 1266 1654 2065 2547 3010 3484 3927 4386 4870 5350 5826 6341 6832 7314 7813 8295 8780 9251 9717
28 2742 9476 7947 6051 8696 245 412 656 942 1267 1656 2066 2548 3011 3486 3928 4388 4873 5351 5827 6342 6837 7316 7814 8296 8781 9252 9718
